812 2920
472 189
660 696
681 386
370 462
523 317
449 426
411 401
146 264
789 39
352 578
5 670
778 325
194 595
48 618
712 631
274 784
434 88
54 207
455 167
57 711
799 708
80 716
369 579
285 441
251 194
787 94
771 504
437 206
314 629
313 595
681 214
341 61
602 580
751 75
681 606
149 80
703 537
354 527
192 771
562 446
447 234
531 799
731 634
308 573
79 85
104 137
229 751
549 277
237 83
555 431
311 102
665 355
796 376
28 351
599 357
585 526
396 288
354 192
781 637
380 103
398 322
551 343
241 303
739 568
612 266
543 341
29 755
467 400
432 227
197 82
92 149
554 216
477 226
786 503
668 389
97 439
775 716
26 256
100 271
451 789
382 432
497 666
419 172
116 561
264 666
631 555
467 552
714 555
783 599
789 193
274 581
739 141
410 133
446 650
251 318
324 306
550 12
112 24
114 586
100 252
65 438
439 572
72 779
551 103
439 163
188 436
575 568
317 365
688 591
344 309
587 339
773 511
557 344
62 724
619 777
546 43
159 177
784 649
334 442
312 281
648 188
256 604
11 691
309 293
140 674
771 310
420 485
757 60
668 489
354 52
454 161
617 279
726 147
12 223
50 691
713 772
140 266
457 293
809 24
630 224
189 315
56 25
414 366
72 342
753 519
809 169
666 290
265 209
578 508
423 780
56 351
723 35
685 407
577 310
318 533
134 646
174 691
227 733
159 666
769 15
71 548
147 761
591 328
699 191
68 392
509 775
778 755
491 776
505 155
646 556
757 236
704 349
245 627
138 287
216 253
416 676
129 56
315 784
800 688
489 434
658 385
476 550
596 794
506 225
122 90
102 623
251 259
420 378
441 731
542 339
339 266
6 558
624 7
626 791
568 585
754 237
405 566
373 252
639 698
305 319
452 749
588 479
806 610
642 707
125 569
332 29
188 167
596 36
211 126
447 353
178 759
784 427
64 584
678 680
143 706
315 551
718 36
258 469
65 648
335 161
266 297
731 286
661 583
718 87
169 492
767 654
627 590
367 796
502 637
690 722
382 728
109 128
309 147
278 56
394 102
395 259
215 130
533 429
554 341
93 119
223 121
595 800
45 553
618 387
505 92
306 87
713 493
388 196
185 196
168 790
379 266
235 513
288 549
146 113
404 228
654 649
200 663
344 391
234 682
364 621
426 231
805 748
442 146
458 179
648 522
187 390
135 421
797 27
36 97
592 594
628 763
221 187
405 436
134 424
121 383
698 323
517 249
498 100
565 111
65 615
482 783
429 479
797 479
545 302
714 53
759 165
406 769
375 214
524 323
563 808
273 700
449 148
779 151
636 79
250 171
676 387
604 160
507 712
250 219
311 504
403 139
663 306
222 518
43 144
65 632
651 612
577 810
396 90
109 218
4 525
24 195
484 76
42 9
47 681
799 35
140 668
431 583
148 247
349 71
88 215
634 503
608 27
270 251
712 428
37 442
8 294
344 744
258 457
402 665
3 32
757 801
4 271
200 693
707 190
140 772
695 592
179 730
562 599
725 505
143 702
698 278
441 364
84 158
649 797
602 170
158 51
213 753
52 708
552 37
492 310
292 299
377 785
293 254
524 622
727 327
547 409
228 350
54 147
32 121
411 610
728 661
231 183
179 437
289 2
593 18
312 221
574 725
245 546
303 92
15 413
92 769
328 583
366 387
568 434
113 711
24 58
597 510
138 775
116 489
750 212
734 569
680 368
275 363
696 482
564 621
687 749
266 785
36 379
292 48
314 5
665 795
762 202
140 649
343 583
142 221
571 416
74 239
365 492
131 332
91 795
618 531
361 183
588 383
438 232
369 634
460 663
689 305
729 605
590 670
739 257
262 341
621 257
303 253
640 703
346 490
474 797
275 667
791 777
280 590
428 139
502 391
770 516
148 461
370 749
357 114
418 256
511 662
111 125
648 327
243 301
501 396
46 343
123 502
604 213
515 332
591 564
100 113
512 710
213 548
605 354
149 780
756 720
355 586
601 605
486 392
769 90
203 201
776 180
334 443
282 165
157 642
175 146
766 414
180 207
106 594
64 40
579 460
451 266
594 775
605 458
163 158
256 337
776 93
462 398
465 474
670 633
548 804
379 163
380 787
508 344
280 208
225 119
686 409
783 254
323 424
415 54
770 534
399 264
347 75
191 465
463 346
372 168
69 356
275 80
627 48
684 652
558 538
325 155
65 3
504 541
749 548
81 385
79 742
78 538
249 207
484 789
620 330
583 413
182 350
572 421
669 435
155 376
636 119
256 741
792 98
554 48
706 558
375 728
102 48
605 785
751 429
221 467
319 305
32 203
197 90
789 49
132 724
170 713
156 652
655 728
802 361
659 541
785 810
808 77
210 527
372 71
375 181
752 403
678 304
282 628
407 778
29 557
485 775
489 649
4 716
578 780
557 488
746 669
619 153
585 710
552 675
140 480
666 513
166 710
575 723
725 759
618 428
67 446
13 166
34 45
238 309
162 8
203 312
155 771
319 28
345 433
121 102
437 572
352 333
26 713
627 315
59 801
321 424
746 411
656 474
565 304
87 129
548 661
109 329
398 706
754 331
495 241
557 481
269 164
112 733
73 649
41 770
133 687
116 191
328 530
477 381
478 373
337 458
46 274
102 671
142 428
336 83
227 113
726 448
457 578
117 253
12 127
339 81
774 272
337 712
302 682
176 133
103 602
657 263
141 430
288 99
36 299
681 71
593 229
634 538
549 514
361 515
713 732
614 464
589 113
516 279
205 647
115 99
99 806
388 792
705 458
267 198
782 630
487 468
290 742
455 224
103 728
262 490
529 482
434 102
308 454
458 794
336 434
63 746
412 420
586 714
608 270
180 120
404 267
776 468
446 138
28 545
512 543
287 276
629 266
790 213
224 284
171 145
524 334
73 365
376 677
277 383
210 617
637 420
322 635
72 484
772 788
632 284
391 743
270 460
477 579
249 412
232 420
447 220
195 399
732 516
96 342
810 173
544 17
709 500
179 118
552 49
237 137
434 597
259 462
117 270
564 278
674 425
396 205
210 60
101 96
564 584
448 585
445 64
489 793
24 273
735 188
183 147
367 374
302 82
639 239
380 739
91 368
237 316
51 773
292 569
205 456
189 57
579 593
249 278
121 713
721 670
215 734
164 489
554 369
5 12
139 733
547 383
262 709
697 436
147 288
370 606
315 598
307 336
607 752
709 444
333 805
537 642
446 191
267 600
787 715
447 524
336 368
77 644
196 719
656 776
219 614
5 733
789 548
350 511
605 13
722 521
231 296
415 252
246 163
53 724
57 427
511 8
350 471
355 65
695 25
582 739
161 648
97 547
225 644
165 192
349 46
349 665
370 117
209 127
335 111
379 129
629 407
98 705
613 595
164 677
783 772
588 330
755 545
681 793
60 334
226 48
143 425
7 213
151 698
103 161
641 781
348 707
220 648
21 329
466 191
638 185
566 544
754 717
40 560
95 8
707 55
116 665
451 190
125 75
164 108
664 482
667 687
297 549
745 198
34 199
353 99
457 175
24 59
540 764
406 463
706 148
747 513
198 600
128 489
538 115
355 696
136 654
266 798
639 306
733 297
398 530
791 73
83 601
722 216
536 354
594 77
540 49
356 165
123 729
126 744
110 347
178 55
8 476
444 13
134 396
299 786
340 29
417 331
168 87
573 467
478 308
372 148
618 172
212 715
87 238
402 223
299 422
104 697
231 704
515 589
218 599
315 230
780 420
377 494
766 261
13 339
388 554
635 641
29 776
584 65
105 757
803 289
750 231
611 498
291 478
268 452
262 333
799 547
393 408
602 422
489 89
396 643
697 330
585 771
332 206
723 432
139 777
675 766
116 30
363 736
90 40
660 327
436 393
185 801
174 765
360 739
533 32
63 730
724 768
635 368
672 486
101 272
599 309
342 253
552 401
277 24
230 200
412 592
252 61
364 551
326 703
690 237
555 342
738 234
588 413
244 330
482 99
361 188
600 247
179 1
750 407
436 750
73 807
499 339
25 644
500 56
318 3
782 402
89 300
511 566
402 38
204 744
377 105
324 253
110 682
458 273
93 234
795 505
374 133
416 304
623 39
204 439
708 426
637 284
696 156
456 342
703 44
171 215
435 281
68 451
32 804
697 387
808 325
493 555
444 606
798 643
347 240
522 705
199 160
581 599
655 431
34 305
409 753
219 640
110 81
383 552
385 588
67 299
692 160
380 802
570 478
348 256
496 590
405 396
691 488
113 306
396 279
665 509
93 478
130 181
258 382
245 131
337 629
122 446
123 619
342 349
346 717
475 329
257 62
573 69
116 570
84 441
446 288
49 188
50 2
178 463
4 26
760 419
596 9
304 286
375 140
362 131
736 412
311 222
95 797
167 128
561 170
615 379
215 105
438 658
651 498
67 763
174 317
31 513
765 614
514 38
188 60
149 74
748 420
553 735
760 532
601 528
601 203
44 779
749 526
678 65
296 223
169 201
405 414
228 441
486 27
590 605
790 510
521 192
262 550
66 191
311 152
451 778
572 290
294 450
115 236
132 54
399 803
317 494
619 690
558 2
230 239
713 135
470 3
457 14
701 328
528 98
168 326
8 261
45 565
282 466
86 66
86 503
453 363
684 729
699 195
796 341
727 597
546 195
51 675
103 682
306 312
418 334
760 201
665 759
619 645
361 410
265 193
801 314
88 326
472 571
403 237
198 293
34 502
501 235
800 713
679 378
405 416
322 800
300 749
83 647
669 660
85 290
432 791
508 565
623 733
419 220
113 428
103 603
646 283
225 285
575 606
687 709
739 362
249 663
195 591
16 784
270 338
314 544
477 52
667 236
540 278
279 226
211 152
339 79
359 613
658 476
273 122
419 314
645 226
468 111
582 8
69 528
125 585
626 549
682 723
292 206
446 485
250 167
95 750
203 144
520 568
78 752
300 635
544 308
65 282
231 141
654 679
470 165
74 655
681 523
369 310
370 73
689 621
564 175
214 757
400 517
721 743
24 433
405 695
484 283
446 598
396 388
110 437
256 393
790 92
152 714
689 274
162 713
724 570
697 434
556 505
186 380
439 578
632 292
639 706
454 204
380 487
353 24
763 597
446 771
69 204
308 747
23 572
556 287
745 210
712 592
531 277
436 26
202 165
718 586
527 786
757 480
280 81
635 751
277 107
195 94
416 401
400 128
809 100
355 644
483 475
46 624
642 201
146 98
301 330
276 319
39 749
95 464
498 132
572 741
322 419
736 478
383 341
2 731
222 408
95 170
224 281
301 479
265 78
547 406
14 388
515 737
256 391
36 596
480 11
359 374
110 765
755 712
23 685
284 810
637 756
801 657
380 643
537 635
793 399
499 704
466 778
601 726
414 361
175 465
622 316
17 456
248 119
365 504
459 296
167 251
542 413
47 545
691 440
582 116
286 433
452 278
181 368
494 340
384 30
376 484
615 553
30 704
604 331
625 672
353 178
209 611
622 340
805 343
238 93
403 8
403 703
241 357
285 244
32 600
576 731
454 158
188 302
79 114
318 723
48 51
561 223
710 495
249 616
538 698
557 238
651 105
706 779
302 728
696 650
344 131
327 560
386 591
573 578
765 718
725 280
729 272
602 526
8 333
17 297
509 456
496 8
413 440
508 333
94 615
111 335
115 542
740 714
408 115
730 416
549 359
255 463
461 462
64 772
321 138
89 329
590 668
439 261
743 812
74 725
241 758
606 153
543 714
766 76
236 654
311 561
384 697
575 229
83 718
724 576
799 780
230 500
655 710
585 203
469 453
624 303
554 288
262 4
113 244
584 535
507 373
215 619
52 759
276 733
579 457
690 625
266 769
432 25
216 278
198 785
415 277
627 211
184 681
630 505
606 498
264 140
304 414
233 662
125 85
532 192
92 341
365 476
592 288
442 715
789 152
480 809
64 318
104 133
105 25
93 43
630 803
83 679
248 58
525 496
436 774
21 807
632 778
411 506
590 210
369 510
810 556
47 136
145 260
692 211
309 359
765 340
311 242
612 576
649 365
444 465
625 364
565 1
530 101
469 471
678 181
535 195
242 501
300 240
66 88
768 546
182 643
404 772
460 781
778 16
279 630
263 472
563 571
325 590
491 346
181 127
419 275
754 745
541 346
674 176
569 555
363 292
668 371
5 50
299 285
440 535
505 801
566 620
19 34
203 86
494 443
102 644
61 279
63 23
374 157
393 434
656 494
141 618
143 378
474 13
388 371
190 238
601 517
487 434
739 713
46 407
766 294
420 179
261 263
669 394
228 206
194 407
753 172
806 182
504 749
60 460
259 132
425 684
638 640
21 61
81 671
53 271
346 612
683 16
762 353
488 566
694 79
168 751
7 759
312 96
717 700
759 474
424 22
561 717
508 408
270 43
629 793
22 374
762 150
231 644
665 194
531 130
649 795
368 591
664 428
665 661
425 83
451 546
160 256
434 227
72 98
418 681
613 269
393 203
251 11
497 669
604 525
553 504
404 400
776 345
124 188
587 267
659 81
733 170
603 538
383 625
593 693
228 566
348 486
375 347
340 495
141 589
350 570
432 727
141 347
783 732
756 584
633 738
595 791
27 608
601 124
624 730
159 454
759 282
386 309
426 754
392 511
29 289
217 500
439 333
456 521
411 97
560 575
702 366
567 49
792 239
577 210
794 328
64 686
450 79
661 24
772 253
137 769
46 435
304 318
468 84
71 345
309 510
417 266
131 28
226 130
555 484
528 664
507 663
592 645
756 696
700 729
64 525
230 768
429 176
234 213
806 408
366 527
225 510
446 27
544 344
603 180
36 680
364 77
221 756
186 572
243 517
728 781
485 576
586 608
516 574
700 179
205 54
299 49
445 250
731 210
741 340
787 590
274 442
379 252
5 460
677 328
418 7
128 342
72 416
154 573
543 37
304 349
106 652
306 263
721 698
551 542
439 97
351 387
497 304
268 258
548 7
184 220
422 106
227 30
725 589
489 113
161 807
258 155
421 765
405 147
337 776
655 802
361 79
54 561
589 463
418 459
773 339
46 483
409 812
620 381
730 461
658 94
272 242
80 197
501 571
529 459
783 490
590 122
358 106
670 50
340 411
329 635
38 93
2 336
576 153
333 324
408 240
253 661
484 748
596 395
146 242
57 565
98 778
5 226
152 682
378 462
766 160
604 624
680 246
559 116
182 396
137 262
534 209
720 423
760 617
387 386
600 103
287 357
367 63
534 516
335 357
466 264
599 429
341 397
128 641
539 126
426 48
100 47
119 221
490 21
482 566
590 608
376 45
189 271
301 566
547 367
434 3
577 661
534 123
590 583
573 20
684 249
481 561
597 355
176 288
398 355
254 164
254 633
241 763
591 239
369 687
282 110
636 369
654 222
474 188
186 63
239 442
125 361
303 403
675 346
530 126
557 696
801 789
1 315
602 35
182 676
352 671
44 701
727 178
308 726
196 477
674 279
35 386
453 127
609 428
791 75
495 382
554 234
246 485
562 564
230 355
49 245
547 114
507 68
363 315
532 51
400 601
370 670
759 775
99 197
580 138
157 796
431 130
608 211
754 78
419 596
166 373
575 76
9 574
689 788
140 272
220 83
166 51
243 297
653 177
446 259
707 141
496 725
758 296
758 582
118 139
68 747
486 778
665 607
157 320
692 256
178 272
439 421
662 473
51 412
560 568
136 154
262 5
319 651
68 359
462 812
201 322
75 415
477 543
561 418
322 729
363 68
353 386
613 41
354 189
121 46
425 127
364 6
788 171
385 293
64 319
264 284
800 777
737 278
379 489
395 332
437 249
575 114
151 17
192 46
743 38
564 660
67 84
361 508
626 390
493 306
17 221
171 623
541 538
374 128
304 76
398 176
364 443
665 69
349 515
669 192
121 218
33 38
666 492
557 64
478 582
388 285
583 484
305 617
379 494
315 401
180 757
610 683
718 109
495 769
774 195
27 433
174 302
489 755
389 496
63 233
672 787
433 715
145 223
552 297
421 693
632 460
445 100
285 357
142 2
129 153
190 455
461 100
565 606
341 233
354 598
92 475
348 512
276 207
690 490
207 335
281 60
173 118
638 576
658 364
643 704
38 10
791 584
495 746
266 750
564 70
787 225
2 164
202 617
199 517
81 677
303 645
62 672
620 583
469 674
625 193
23 762
409 79
599 134
585 313
587 13
368 197
39 335
5 518
657 414
762 29
109 7
707 548
466 727
328 524
403 340
258 85
460 57
63 108
503 117
530 60
270 725
768 132
697 725
148 516
40 389
117 153
464 331
29 657
202 697
458 114
6 283
365 439
347 192
402 160
385 120
403 649
494 677
176 542
212 180
72 607
552 286
78 14
647 811
373 812
506 793
361 250
166 764
6 609
354 414
793 390
86 73
692 668
740 674
276 768
424 37
575 554
357 133
182 620
55 520
754 340
120 739
321 604
433 759
680 560
471 312
757 558
757 153
78 458
119 703
282 417
653 675
351 200
198 767
233 279
536 238
639 205
615 529
637 431
486 719
198 211
509 796
807 559
59 46
98 479
541 20
282 150
304 578
412 424
811 680
472 312
44 201
556 300
477 170
271 703
504 248
655 648
529 153
219 543
682 726
554 764
50 657
559 214
618 593
767 339
71 344
517 568
424 19
195 553
565 231
125 314
749 800
146 682
418 327
442 20
262 267
339 31
376 784
546 75
136 588
253 555
494 266
187 389
298 567
6 780
563 363
271 188
101 600
689 287
104 222
340 732
179 300
484 440
218 647
24 74
45 694
300 194
7 718
446 378
782 805
591 192
440 506
21 232
39 761
562 799
715 303
752 312
571 54
293 547
699 544
793 240
754 382
578 723
795 399
294 336
59 196
739 403
489 403
7 347
145 736
86 520
238 784
61 809
541 255
602 552
234 181
36 284
110 608
258 152
810 605
153 425
100 427
73 143
589 25
48 743
738 724
371 600
768 777
678 721
432 76
386 359
530 783
772 301
439 291
791 373
613 186
377 652
82 690
411 616
654 695
381 785
679 334
276 313
684 334
115 262
777 783
579 119
294 491
753 440
454 375
103 571
21 550
353 477
8 347
279 376
317 549
299 379
368 177
197 618
327 506
312 49
493 601
334 344
373 584
708 122
237 9
20 36
757 754
276 142
702 173
88 150
49 678
270 25
661 285
663 9
205 177
543 130
598 780
214 193
17 462
783 647
485 312
169 27
562 338
585 361
83 225
505 124
639 417
141 449
275 358
186 218
684 685
761 307
617 726
446 278
553 258
87 213
381 77
442 390
193 496
272 73
219 143
553 232
771 161
393 704
527 635
318 721
173 135
405 360
604 583
213 181
516 769
90 771
329 668
662 36
618 78
688 569
696 724
12 694
288 151
60 797
734 716
737 803
419 652
258 124
189 113
67 660
332 336
172 207
449 132
396 59
126 337
327 159
58 721
64 789
172 579
13 140
749 386
397 45
146 418
131 660
78 248
759 482
464 188
477 5
415 212
606 164
733 548
292 468
421 264
650 543
203 46
122 257
802 127
462 574
454 742
116 295
540 321
714 243
427 238
204 591
33 736
2 522
677 706
35 283
480 130
593 435
739 44
773 761
157 788
106 723
639 463
323 446
435 207
681 702
293 149
421 416
579 314
531 575
73 398
566 695
257 64
356 144
707 611
139 100
552 118
156 795
468 616
530 415
342 586
769 94
60 255
478 154
157 670
711 806
752 263
198 21
1 178
645 474
97 297
8 519
595 589
265 792
413 16
143 187
55 400
437 597
236 613
115 189
575 339
796 28
562 443
502 688
17 600
39 459
648 27
31 279
142 293
576 402
803 720
532 303
256 189
331 429
187 160
760 222
686 202
762 123
730 352
145 222
274 506
752 233
666 325
736 750
673 618
691 375
242 738
382 219
292 167
440 40
9 53
413 192
35 584
605 225
273 195
629 550
462 695
742 656
466 1
479 189
144 261
36 307
166 92
26 188
547 137
179 483
648 186
52 177
297 487
305 521
140 672
677 305
182 442
460 607
579 220
174 789
305 45
103 484
496 267
425 334
722 716
190 437
107 163
640 743
472 292
456 617
613 251
337 365
376 245
800 418
747 294
551 320
555 747
26 637
449 271
31 748
214 9
162 566
509 672
788 275
668 486
10 191
488 141
346 800
664 144
332 774
441 716
481 527
801 743
800 290
56 501
386 464
374 786
581 11
267 127
396 12
626 314
738 141
488 216
334 704
428 202
727 422
784 434
552 686
93 444
2 38
242 249
705 58
774 175
706 277
230 639
158 701
621 134
400 160
440 375
2 514
59 40
98 453
6 696
125 295
403 218
705 785
84 572
105 286
95 712
92 199
627 385
313 201
387 133
421 124
758 692
724 87
100 604
342 76
236 12
793 141
409 33
564 712
598 401
508 569
475 780
528 675
340 385
17 788
144 156
609 115
477 56
369 663
265 769
550 210
328 109
236 205
171 156
281 313
673 527
790 540
682 381
379 509
623 40
144 703
586 615
110 740
610 606
402 123
724 391
212 678
230 13
506 455
767 291
641 203
641 171
427 158
473 214
289 686
293 116
96 144
424 509
703 599
557 456
562 72
672 520
769 728
438 706
3 591
298 16
544 274
776 440
539 130
426 726
6 47
546 551
526 444
658 729
575 576
120 12
352 365
71 247
281 154
693 144
289 679
513 778
237 681
626 149
57 553
498 224
123 245
514 693
664 655
185 282
223 763
719 742
151 224
444 110
29 249
356 277
547 378
774 136
228 303
178 17
677 57
275 451
631 123
194 177
266 258
270 785
788 342
221 595
757 124
190 478
687 353
631 338
103 783
245 271
235 613
180 226
60 520
392 413
691 77
124 557
220 504
232 72
518 132
739 162
425 737
120 775
141 243
362 332
803 638
736 6
132 342
758 747
579 7
768 588
46 535
176 778
567 435
346 309
271 173
809 526
57 241
335 748
332 397
336 259
193 292
47 495
64 592
345 46
255 418
241 442
279 146
462 658
268 385
514 425
661 284
117 62
616 318
249 545
269 158
149 771
54 447
43 625
707 451
397 623
253 490
201 649
625 724
809 631
94 92
314 350
704 229
409 468
745 543
504 395
713 264
490 745
417 95
645 485
773 560
444 234
621 592
57 33
460 439
299 428
12 450
492 411
255 137
322 118
179 525
718 23
262 472
540 165
636 81
177 92
141 46
363 98
184 250
756 128
496 790
122 263
106 93
142 706
695 39
295 405
386 403
673 589
525 676
568 516
349 429
594 73
563 199
722 607
155 41
530 426
705 180
697 107
114 495
81 43
801 133
287 24
732 334
476 410
701 35
279 612
447 710
369 788
81 703
743 702
266 603
193 553
801 810
342 28
35 453
220 371
239 209
21 398
740 764
83 723
360 811
490 691
307 411
312 409
511 406
259 28
467 225
782 311
767 161
238 354
586 760
42 202
156 393
283 307
216 676
33 434
198 473
268 611
347 286
333 212
761 182
659 611
695 701
161 537
516 466
477 234
701 47
233 414
431 146
567 492
700 812
773 643
164 660
155 212
376 114
637 104
586 336
589 698
332 319
542 624
216 683
252 742
643 613
127 604
754 288
611 441
521 462
311 762
206 734
669 202
340 318
56 312
55 256
498 757
10 630
377 585
20 252
16 216
438 246
351 453
503 782
584 520
606 716
549 480
273 346
184 150
419 730
481 31
445 582
284 799
654 304
216 231
275 580
652 141
109 464
358 283
55 281
129 578
494 348
595 457
531 628
784 8
507 518
365 17
735 621
611 156
198 101
419 622
63 756
103 642
343 243
491 10
738 9
59 117
405 540
429 283
488 446
625 118
221 611
795 713
260 766
464 455
137 487
543 683
506 123
803 483
567 74
55 171
365 452
424 426
585 593
693 400
750 739
179 631
383 160
18 407
599 93
579 675
655 3
714 717
404 650
596 745
40 13
319 574
782 759
134 689
787 309
182 116
369 486
332 238
79 500
136 406
749 227
635 202
538 754
513 758
692 435
154 770
211 335
531 611
72 135
273 333
84 707
785 170
473 280
471 317
310 613
259 328
250 39
267 207
639 94
333 275
383 284
630 322
780 560
362 25
287 657
329 714
237 49
150 326
408 799
286 262
531 616
514 496
181 666
737 172
538 506
421 710
522 173
561 510
392 330
746 399
700 90
760 437
196 463
676 292
784 426
434 802
273 29
220 247
665 473
349 576
463 806
210 262
232 669
190 29
123 645
732 749
267 114
220 723
583 434
333 535
318 352
63 370
749 143
44 203
462 78
500 773
799 510
489 615
310 631
649 693
798 673
503 393
13 262
4 700
789 421
666 464
152 11
281 118
598 318
160 534
30 737
106 694
659 572
172 690
555 511
75 674
189 320
524 434
800 336
177 601
36 351
4 542
506 420
668 549
652 372
302 400
512 532
486 363
555 726
607 785
665 621
353 456
66 134
117 202
303 586
357 22
569 598
36 683
73 679
203 752
292 202
475 570
422 594
225 185
673 59
714 665
258 345
527 49
286 379
328 13
766 549
55 529
59 504
531 163
128 228
682 715
308 323
261 584
391 366
602 219
466 729
300 373
803 397
290 757
214 155
282 299
746 193
344 171
676 532
455 681
243 700
65 633
542 334
48 361
546 232
670 530
255 157
39 58
392 672
243 66
12 421
240 116
207 104
240 236
796 262
601 93
177 755
325 805
348 714
368 323
812 536
742 451
484 471
102 98
214 349
659 781
26 603
589 628
589 191
421 739
799 466
798 622
786 14
77 220
699 141
478 42
794 683
602 152
47 83
675 228
625 143
695 676
425 372
575 745
634 352
396 248
715 545
590 64
282 518
673 705
729 266
472 627
200 418
422 289
422 234
461 261
264 148
302 97
306 348
398 270
418 47
597 387
158 741
283 1
763 724
534 175
155 503
625 128
626 14
534 143
628 734
704 683
546 729
601 431
252 364
508 25
239 492
277 596
722 652
136 119
580 698
513 305
808 158
353 746
635 2
102 560
412 403
393 75
315 239
632 539
30 235
451 511
676 697
457 287
276 612
777 682
564 247
107 203
604 139
764 774
300 594
101 500
266 718
728 45
451 710
208 222
128 739
1 619
19 734
519 372
155 628
149 772
189 71
298 539
541 483
63 468
419 2
239 56
559 131
652 551
355 417
140 275
89 333
114 178
794 493
