1000 9890
824 413
328 748
885 834
42 294
891 327
271 19
555 236
501 628
105 623
307 807
364 716
327 472
459 160
318 486
843 774
200 772
648 824
479 434
543 747
587 317
808 574
113 182
737 861
268 97
942 553
409 199
928 119
217 721
436 406
442 727
422 367
151 189
156 789
359 318
700 346
536 747
957 101
335 44
800 288
729 254
838 424
641 876
783 473
515 855
790 335
300 575
357 698
629 462
614 530
248 359
211 93
241 142
508 681
490 492
273 386
519 549
407 731
619 57
582 79
505 745
107 365
300 236
62 919
11 867
84 683
747 157
508 399
14 858
275 982
386 453
119 807
746 991
875 753
987 475
381 104
291 320
111 835
168 533
498 271
641 458
955 278
300 417
675 183
32 388
982 892
67 71
751 241
642 583
630 723
369 275
993 697
357 306
915 866
309 191
682 955
510 784
422 374
947 565
721 224
601 954
90 433
848 237
722 714
616 89
427 490
344 288
599 368
90 288
19 228
717 965
296 447
494 582
247 154
327 105
916 973
992 182
781 505
198 341
2 480
627 921
540 96
245 230
887 347
47 16
752 198
36 775
5 524
300 652
173 410
924 374
505 58
300 141
914 444
511 244
459 537
808 601
468 281
199 603
421 685
153 775
430 213
145 667
516 446
75 550
331 688
926 533
810 814
118 587
12 348
345 969
680 334
480 436
153 466
977 311
357 146
230 224
875 733
737 284
441 335
944 82
673 628
43 605
772 872
534 283
96 371
71 30
281 423
390 3
125 248
785 791
458 797
412 280
612 766
122 546
360 55
656 516
713 629
860 508
312 314
48 98
186 735
519 243
958 644
233 728
531 737
110 118
901 447
406 887
231 531
906 803
345 167
142 154
60 654
351 409
652 970
651 537
194 68
639 842
734 602
113 28
497 445
596 671
783 336
725 381
651 630
1000 276
104 361
251 138
146 114
649 153
762 754
104 504
969 948
252 528
201 514
633 519
165 38
217 296
491 441
844 323
598 310
123 658
253 735
753 831
202 15
663 142
424 29
188 110
545 555
231 136
569 689
643 226
404 694
301 346
335 744
343 931
110 922
628 595
115 512
406 255
598 643
712 558
529 136
418 713
40 363
663 477
22 463
279 468
926 625
891 737
747 212
965 682
572 921
131 709
724 844
136 813
266 868
323 877
306 613
861 501
760 24
856 45
133 771
306 756
533 147
880 721
443 437
927 143
50 753
107 992
751 331
826 126
704 606
155 834
686 482
615 392
525 608
485 163
868 781
128 26
544 914
742 789
803 659
362 577
954 781
686 700
431 727
512 47
324 517
109 281
204 499
246 594
483 188
156 334
648 889
697 86
420 683
829 593
208 901
528 319
462 830
450 990
415 848
994 643
422 152
631 218
618 963
506 473
83 387
750 188
860 772
41 436
156 899
14 481
161 627
682 439
791 763
916 416
464 458
855 752
735 496
771 375
900 401
481 399
106 628
88 23
876 16
148 881
849 932
246 568
636 624
175 372
748 90
418 523
719 363
597 779
893 612
514 337
914 535
273 421
334 318
943 992
774 738
615 14
666 7
651 473
64 349
853 979
862 643
6 278
194 695
447 731
145 909
756 49
595 245
577 898
617 877
270 755
323 516
201 438
935 711
298 536
6 217
667 689
600 716
965 444
769 65
185 138
771 655
981 887
958 527
405 917
525 900
360 480
775 316
464 78
502 522
803 655
275 486
189 564
155 588
655 779
694 807
103 162
167 157
320 572
345 159
327 475
994 738
373 587
61 747
498 903
562 784
602 49
394 730
289 480
313 490
916 675
677 434
203 55
98 195
367 643
53 330
526 169
29 315
657 846
51 203
201 730
915 370
98 574
259 502
723 701
74 443
207 325
706 676
896 928
301 960
629 348
706 100
800 400
895 185
879 804
400 110
379 974
984 348
206 289
27 702
379 959
678 285
344 554
831 871
98 617
691 303
620 934
515 416
736 235
905 263
550 776
598 116
149 98
297 950
561 33
194 522
267 218
290 25
595 894
387 837
524 258
807 765
94 898
241 510
152 89
104 946
158 147
363 943
586 726
937 876
946 994
747 873
15 351
933 760
254 651
772 570
351 279
8 647
602 243
566 350
753 325
511 605
922 488
557 633
933 986
274 201
72 406
998 183
961 257
708 522
655 13
675 774
27 157
312 859
136 9
890 264
838 831
288 382
187 950
905 347
155 404
765 841
808 426
990 950
373 976
506 224
1000 614
782 930
472 447
516 10
249 83
532 892
348 515
222 894
211 139
710 211
434 854
611 874
819 377
897 647
819 742
680 160
755 740
790 37
791 340
23 974
816 416
861 400
849 424
336 517
941 88
945 925
28 919
632 55
29 969
262 172
11 108
802 849
140 584
272 592
115 16
850 933
815 981
172 185
963 222
525 635
327 607
835 103
521 568
719 645
703 768
524 437
660 93
17 777
950 379
309 97
955 531
281 704
485 352
768 254
381 591
608 509
113 817
668 607
650 254
217 883
898 992
835 327
19 730
967 834
324 960
772 316
440 189
658 327
235 528
34 621
643 553
207 622
613 727
390 609
230 773
907 848
822 899
568 40
825 447
442 797
666 330
743 761
766 810
485 949
18 968
389 703
27 796
623 736
222 203
649 971
501 16
856 1
58 591
884 599
306 177
201 93
74 213
149 741
811 15
582 5
235 362
250 488
314 791
444 406
391 249
693 777
707 462
474 593
185 546
380 257
776 655
605 94
382 457
365 83
258 705
222 662
996 589
558 460
709 160
842 515
228 934
814 677
945 778
505 883
16 546
881 916
438 329
743 898
798 249
413 133
324 352
403 147
741 497
342 388
380 79
660 105
437 432
702 484
905 87
29 70
216 627
696 701
805 7
20 383
708 211
473 501
76 54
557 577
264 952
180 244
588 217
649 43
445 216
670 499
374 919
480 492
434 331
15 218
878 374
954 262
61 936
354 146
320 366
726 954
268 710
574 254
813 862
976 364
512 639
183 618
352 558
848 611
761 326
486 665
870 178
84 923
865 480
404 192
494 968
44 707
988 490
537 582
349 32
121 193
207 55
432 259
984 752
770 119
158 851
809 395
620 835
894 166
418 861
96 111
465 350
525 336
642 132
305 245
988 46
702 836
301 769
943 694
585 398
745 292
846 412
167 856
224 882
958 701
372 426
154 613
703 573
898 612
202 809
560 75
610 607
998 317
681 925
327 551
952 884
214 383
161 97
958 357
481 780
997 204
983 425
300 477
254 767
493 497
848 3
665 979
65 239
319 694
503 181
288 74
18 223
94 370
190 929
515 554
273 939
365 325
169 234
866 288
891 901
929 672
36 670
181 595
184 489
312 670
669 702
339 839
13 186
895 858
239 998
455 741
124 307
23 481
279 91
411 323
729 252
992 538
919 161
265 617
545 722
378 645
953 929
53 939
222 786
101 675
851 419
837 255
415 699
760 260
926 575
782 515
655 625
3 440
119 944
796 747
525 483
177 125
804 174
598 12
332 861
906 666
417 447
436 589
686 313
928 813
727 407
341 712
965 270
834 465
76 555
405 839
907 397
836 125
909 759
767 519
110 382
972 621
475 911
662 401
833 785
104 947
63 250
487 860
642 581
347 201
691 796
998 424
323 352
821 481
20 320
483 358
503 123
786 907
109 360
613 976
321 240
431 383
786 794
803 904
734 636
221 855
384 522
173 980
952 61
899 598
222 291
730 382
397 413
418 424
347 802
813 789
527 615
173 758
134 644
847 586
576 210
978 999
852 828
805 66
2 401
809 7
70 32
37 185
258 182
166 535
903 714
154 455
373 241
552 206
1 600
753 627
779 585
299 458
840 585
589 882
15 467
277 364
53 140
634 313
282 466
583 384
431 697
372 93
474 749
42 809
131 856
728 604
897 977
883 248
993 904
885 394
500 680
836 194
450 389
33 683
396 547
534 281
917 143
370 364
116 888
9 386
559 958
604 213
966 980
570 101
73 523
455 162
314 295
206 873
320 808
10 60
417 981
565 814
439 765
104 62
121 896
659 278
109 307
769 682
418 440
829 986
242 148
206 523
493 966
119 254
89 131
632 611
541 119
890 587
156 155
602 71
705 870
913 496
77 695
578 508
828 208
749 133
218 511
136 817
174 610
359 610
605 838
747 377
706 50
579 619
691 421
32 230
183 513
754 511
147 535
616 484
688 977
527 888
425 228
182 731
49 694
175 338
732 621
804 290
198 81
239 793
743 303
303 766
109 699
93 214
758 808
207 82
279 353
373 326
269 651
400 966
76 943
735 552
941 153
684 361
943 959
864 490
718 501
614 140
488 942
430 977
21 402
317 281
921 6
337 191
444 757
854 868
486 280
73 709
755 993
2 731
367 495
333 139
229 352
916 254
24 46
940 4
816 58
45 424
284 608
46 899
21 335
777 929
393 936
376 624
142 749
362 591
114 28
264 859
835 4
319 959
391 610
958 194
25 678
512 208
660 840
330 599
661 497
226 644
579 152
372 954
835 290
564 236
151 948
778 654
104 327
855 940
948 242
951 813
973 609
591 918
338 748
744 887
821 925
382 765
109 859
999 630
439 568
193 305
273 202
271 775
731 817
847 691
829 132
245 77
908 789
767 456
219 686
274 613
151 489
486 743
878 802
862 121
6 659
101 543
637 957
451 480
657 317
434 750
110 807
183 41
666 5
68 383
305 155
569 822
356 768
415 234
239 502
296 610
278 822
427 648
245 641
780 140
965 152
699 36
104 698
466 833
800 346
270 753
570 315
92 139
715 871
996 497
14 271
954 973
559 886
194 966
954 956
519 164
8 542
975 998
851 556
233 773
255 832
560 426
998 540
584 288
398 486
475 753
972 931
825 171
176 527
557 676
17 643
327 106
260 553
368 604
388 510
669 923
853 238
195 524
678 971
799 877
80 776
363 303
770 613
493 672
940 510
204 981
188 306
151 190
388 284
942 671
598 269
877 314
917 867
274 679
331 474
889 276
969 684
362 271
408 619
524 873
121 220
603 800
197 95
325 42
733 445
878 830
537 722
719 254
153 217
687 284
251 43
182 348
755 522
930 16
888 425
870 201
410 347
324 229
876 570
235 450
842 358
770 459
383 602
495 892
22 356
405 100
139 56
747 303
902 359
29 170
871 838
451 139
128 166
661 4
664 792
208 372
17 738
63 277
879 440
862 814
665 370
833 784
513 934
555 303
495 304
997 556
206 701
63 28
411 599
708 199
697 178
223 474
691 908
33 202
678 698
221 805
368 679
76 232
886 569
81 326
872 87
194 127
51 410
68 580
915 69
369 195
202 364
137 197
122 781
826 731
419 230
498 568
728 421
1000 330
445 181
401 89
97 586
481 747
868 449
299 582
88 947
192 84
364 96
517 460
576 920
424 405
856 440
947 99
785 598
402 468
813 566
26 280
208 368
636 587
307 369
130 458
495 732
773 628
443 881
120 738
662 252
608 631
526 780
503 994
830 216
953 813
456 371
387 743
707 762
979 1
905 870
853 536
692 666
325 415
127 775
370 568
762 482
694 391
608 964
419 167
918 863
267 107
864 45
300 497
655 649
103 508
984 886
417 203
309 333
57 284
441 189
279 881
985 952
289 839
508 333
650 410
320 809
941 649
402 707
973 56
665 767
382 962
228 951
603 7
307 578
399 18
229 873
431 882
125 584
899 663
770 368
61 672
902 798
797 236
467 761
527 391
839 369
364 791
221 954
440 191
973 491
182 810
744 909
245 932
207 422
881 20
517 14
421 185
333 925
265 645
658 468
115 31
52 746
735 87
79 303
799 714
72 643
325 831
142 287
572 336
990 35
709 587
98 22
268 401
362 308
643 231
221 495
224 445
947 122
260 573
944 934
376 360
31 882
514 328
254 329
71 621
476 195
822 295
721 460
853 587
340 370
69 92
658 555
127 938
849 744
816 511
106 211
269 539
190 515
989 140
920 24
563 39
353 874
993 614
154 877
548 157
692 961
81 800
337 190
756 79
587 157
707 901
285 295
471 28
517 652
146 24
152 100
155 984
281 384
113 753
459 461
816 906
691 806
157 158
929 237
153 911
604 809
396 806
825 940
529 65
411 543
967 514
199 404
950 756
384 725
518 8
264 811
449 497
472 910
644 438
683 88
658 278
147 999
960 530
320 497
798 714
142 46
274 414
612 160
233 714
670 512
948 354
539 853
273 94
169 29
8 157
356 928
895 928
458 37
900 412
114 899
630 22
292 428
184 557
596 370
990 174
478 450
637 971
774 764
188 851
10 607
28 644
892 971
399 835
700 246
6 547
10 558
687 488
581 270
577 534
932 83
361 387
371 86
687 617
979 791
48 83
690 606
619 268
33 737
146 832
54 89
970 638
37 773
167 858
613 486
315 687
543 15
200 253
264 538
267 913
695 369
930 162
233 350
328 528
332 200
152 286
815 749
265 1
879 234
536 132
226 566
193 886
512 189
911 47
768 343
492 277
899 529
403 508
995 374
136 190
281 984
548 70
601 892
764 280
801 258
565 217
291 716
87 508
478 98
80 445
833 145
190 822
981 9
216 141
901 792
967 42
734 307
761 503
249 203
766 864
216 60
948 501
382 423
44 255
965 662
605 431
217 406
202 66
295 995
901 137
528 734
502 433
857 678
897 527
349 2
956 46
482 933
620 131
88 276
625 531
866 799
351 709
83 27
286 412
883 448
978 468
826 687
693 847
984 637
803 131
343 330
913 583
519 711
957 918
337 373
559 582
103 330
784 308
788 676
182 127
607 714
573 614
797 594
146 932
592 636
612 631
459 294
758 733
318 766
121 648
638 935
327 628
527 149
292 713
59 718
177 575
517 597
275 406
60 896
756 677
868 831
940 348
134 175
765 401
203 904
95 654
795 716
856 974
397 552
159 665
276 73
476 999
355 930
801 204
160 180
159 814
994 727
540 815
333 615
93 722
659 75
754 247
61 893
967 121
753 53
769 776
166 216
4 3
190 722
227 298
160 257
455 314
209 852
265 586
838 377
508 733
571 670
662 715
899 135
682 285
890 941
652 501
246 244
763 474
767 306
922 863
856 237
687 221
84 902
781 40
843 961
988 428
145 270
760 435
466 450
366 731
790 73
25 449
600 331
874 342
927 480
953 369
44 314
689 171
107 730
895 269
472 333
499 84
561 497
263 105
191 860
487 527
970 551
979 719
319 342
968 92
396 989
549 32
869 132
998 360
525 632
160 532
52 482
345 536
382 392
500 584
983 13
785 908
483 311
263 557
466 699
623 75
534 1000
497 87
781 853
673 180
717 131
591 670
298 19
890 585
411 848
805 134
69 852
711 421
14 239
331 89
535 79
414 724
143 318
346 694
420 913
847 319
795 871
853 751
726 925
19 473
970 451
44 948
578 156
504 593
526 100
992 742
627 889
921 686
444 109
84 196
748 702
221 381
539 152
250 287
952 535
779 998
836 733
763 599
835 930
529 243
892 817
516 271
22 80
704 103
614 478
338 221
446 172
90 29
206 284
63 701
746 881
908 32
820 174
76 824
106 617
201 129
824 842
537 427
477 456
709 173
488 831
505 903
954 68
901 987
333 137
336 371
372 337
859 833
452 297
91 507
953 260
284 610
414 229
509 825
759 601
650 447
93 950
686 593
467 969
284 657
216 711
858 314
877 750
52 81
453 786
113 833
497 226
232 81
471 722
494 177
61 594
794 865
190 174
372 789
413 341
566 261
955 798
632 641
62 100
104 314
885 373
643 761
806 359
19 179
94 405
811 319
939 258
99 481
173 794
782 204
881 55
204 209
259 369
99 78
811 315
429 705
200 782
420 772
540 53
498 720
445 439
768 519
909 328
748 176
325 897
347 925
118 88
697 657
559 105
282 199
600 118
599 637
188 253
559 478
671 752
598 560
333 906
610 386
738 335
611 935
996 959
353 939
207 48
447 993
676 233
955 142
954 407
883 487
211 37
654 736
935 925
794 495
398 888
177 423
234 144
591 201
550 992
47 234
779 462
713 326
146 140
917 84
953 168
833 921
940 91
506 867
253 502
113 515
617 115
216 820
471 400
309 53
8 512
231 750
318 317
158 202
454 685
608 457
333 352
375 165
357 362
379 174
310 560
632 558
890 542
941 448
267 719
930 389
734 903
442 733
330 585
845 278
707 333
329 447
548 955
260 35
647 945
541 174
320 478
598 33
485 744
550 132
207 547
159 34
565 329
130 706
140 431
490 676
92 912
164 293
792 794
210 551
799 653
415 372
348 697
523 32
61 284
245 47
499 760
936 52
130 407
791 110
335 82
931 891
552 100
261 816
19 580
50 881
503 905
676 13
309 548
45 503
701 718
996 802
796 742
139 173
229 302
723 328
50 546
234 263
162 488
58 41
686 431
780 912
837 705
340 879
894 306
238 310
186 319
449 749
357 428
655 597
966 894
203 570
294 471
43 213
464 46
357 317
431 538
824 446
972 846
403 61
422 363
777 840
169 920
122 920
743 436
181 865
385 868
647 511
541 1
872 232
47 840
263 895
678 922
844 118
441 573
664 94
145 193
751 545
460 510
579 624
359 712
593 604
813 931
170 679
373 988
264 288
677 180
478 377
226 142
246 245
174 918
321 674
583 206
144 165
358 928
759 261
377 251
840 765
362 353
632 942
53 908
420 385
888 745
236 754
684 581
975 70
997 538
177 772
317 632
528 473
361 312
714 508
680 164
789 270
171 555
978 441
619 92
693 674
324 219
57 522
499 87
470 596
435 915
76 763
210 369
387 712
105 93
693 580
984 888
690 566
712 66
694 558
203 585
300 273
674 2
822 138
996 233
501 789
852 955
440 99
761 897
782 471
893 464
821 115
424 567
167 310
484 650
324 851
130 616
477 607
756 894
579 991
104 509
621 72
288 228
770 696
933 220
181 615
990 775
803 787
406 692
552 391
691 422
798 748
178 815
35 650
772 237
847 555
407 90
501 387
876 41
553 474
991 264
740 520
869 876
356 817
984 506
838 501
454 482
37 346
40 50
266 700
504 159
107 10
791 637
684 922
171 873
745 668
451 521
452 854
644 596
3 356
477 293
266 926
641 762
461 881
651 257
49 119
233 210
909 969
586 854
718 363
556 386
849 392
430 145
614 136
564 917
448 755
725 404
146 858
777 708
483 743
48 56
12 419
513 194
676 650
418 134
661 58
58 225
650 301
906 947
428 307
603 327
821 260
508 330
845 190
171 467
800 513
945 744
506 558
72 364
829 906
831 204
466 668
488 508
803 615
915 161
17 400
337 649
691 966
673 87
674 776
327 498
433 618
586 272
243 739
610 851
809 640
916 684
540 784
905 181
356 401
112 5
61 932
942 535
815 271
807 580
144 944
137 495
65 396
365 494
682 432
217 271
595 812
222 24
994 81
540 165
135 643
799 680
691 51
586 295
416 531
571 729
199 760
439 265
938 632
26 350
120 685
304 532
788 846
71 450
758 152
245 507
466 504
202 885
71 595
205 605
334 259
678 243
625 710
628 291
957 543
562 241
896 978
339 344
766 401
664 609
93 985
846 265
745 410
66 622
73 277
628 449
370 465
908 299
452 255
291 315
284 976
157 350
655 707
642 970
76 402
51 884
234 450
343 228
128 507
925 207
993 663
285 823
278 858
262 906
532 92
402 777
58 879
169 530
77 905
316 711
94 173
67 143
911 184
381 627
368 702
441 838
315 877
820 198
289 266
971 370
717 842
332 424
960 961
338 941
726 248
319 690
833 158
327 103
826 706
424 670
373 677
9 996
999 689
564 114
985 35
344 469
199 41
570 719
809 781
442 878
445 105
230 961
212 340
242 787
86 357
973 886
442 721
848 948
353 883
678 583
502 149
331 479
23 509
390 800
227 670
579 693
636 546
785 54
325 245
349 73
143 900
392 501
406 94
273 491
496 764
685 422
98 256
254 391
165 702
556 828
619 63
784 8
16 162
699 359
771 786
561 378
357 791
28 793
520 949
98 981
228 516
871 242
803 18
236 811
613 439
392 751
580 320
674 285
15 535
732 11
937 949
885 547
903 68
86 648
146 408
438 309
78 220
794 533
673 844
68 786
930 85
215 989
458 882
664 57
137 415
945 560
911 367
751 108
418 400
5 144
480 857
462 601
122 566
431 650
267 669
517 885
132 277
578 357
262 656
563 643
694 695
19 125
937 386
946 592
341 106
368 440
824 107
78 779
528 880
415 932
680 587
91 652
866 266
769 393
82 102
853 112
30 825
400 274
95 221
992 587
340 594
113 255
139 524
196 971
178 106
199 704
202 100
853 707
144 53
952 748
371 468
5 808
961 393
301 385
583 495
749 515
865 14
520 959
176 89
463 413
328 176
119 912
724 822
49 74
380 636
353 700
742 438
615 188
582 335
965 349
695 100
608 950
71 974
55 453
521 833
794 343
950 82
863 791
112 916
647 22
246 831
137 729
263 265
211 552
450 304
87 69
437 927
124 462
713 639
567 332
937 691
755 212
283 82
994 492
726 471
453 973
20 352
388 309
939 122
427 302
792 360
354 425
359 952
469 72
142 934
492 351
413 784
169 772
740 501
502 896
661 901
711 308
643 556
441 180
458 298
207 629
687 703
545 850
325 538
986 964
109 883
826 123
867 91
333 875
464 998
467 329
213 181
277 712
101 948
482 150
856 407
308 585
472 352
844 712
502 332
162 907
120 769
231 23
913 850
805 836
273 435
461 526
64 472
266 524
448 935
361 650
373 499
232 761
638 289
641 761
309 539
774 575
172 485
615 83
253 647
139 244
805 567
186 185
719 977
943 665
76 536
813 253
603 297
529 718
589 342
310 153
992 352
665 446
101 12
216 858
459 462
320 776
876 174
513 995
290 316
205 175
445 896
411 528
858 171
256 483
4 641
459 274
5 232
411 641
484 841
797 497
108 589
973 218
790 911
593 479
26 872
337 537
946 649
798 702
422 925
820 146
659 20
787 75
492 323
274 10
891 15
639 741
18 7
518 696
591 914
165 1
514 743
566 724
850 640
681 470
934 512
121 744
696 365
476 493
830 984
559 250
373 915
100 765
740 291
683 694
245 447
749 681
733 292
496 721
776 483
207 141
804 465
71 594
610 384
705 419
487 437
926 964
912 114
362 201
370 748
956 363
135 838
384 298
900 866
784 203
173 232
932 339
846 441
479 688
962 650
335 956
449 997
550 533
586 986
236 855
720 600
742 328
794 655
48 37
735 539
466 79
405 927
851 579
798 222
538 571
263 486
971 535
664 77
78 483
190 249
229 861
360 132
87 339
750 401
18 310
399 87
756 610
958 226
299 291
742 533
946 730
194 23
894 976
554 279
39 349
478 277
473 69
570 605
330 710
294 117
152 942
378 202
485 790
397 372
71 93
297 32
995 89
44 269
946 286
982 672
880 486
311 432
256 954
757 864
425 789
636 547
528 66
735 825
792 907
80 877
615 727
946 64
306 227
520 311
386 11
577 292
26 34
518 357
419 81
2 91
184 810
853 512
529 842
13 377
896 627
496 987
831 877
241 773
774 519
261 720
957 915
230 255
620 563
397 391
958 755
685 105
120 245
693 622
620 578
894 417
201 484
510 430
537 18
667 748
319 140
546 320
340 873
612 705
404 398
902 389
959 380
94 791
168 969
262 887
985 578
142 681
949 39
271 975
418 401
930 748
773 265
631 453
318 430
854 364
512 237
566 336
659 366
933 627
365 113
111 381
647 753
311 976
652 940
544 301
856 751
674 928
507 849
113 637
864 147
230 787
925 273
194 285
530 163
108 443
471 875
865 720
994 308
226 938
759 244
529 345
433 588
605 750
218 518
558 540
541 466
446 526
982 716
360 715
753 788
477 837
934 803
503 728
371 872
170 967
390 924
303 737
676 333
624 747
719 297
44 535
351 661
887 999
647 68
68 653
399 791
914 601
185 671
653 252
895 441
435 759
771 640
996 704
317 743
547 214
244 954
125 318
681 540
497 703
667 593
345 835
287 864
310 3
681 941
223 870
10 199
584 160
310 178
81 218
134 108
228 799
394 201
638 966
586 613
695 261
366 133
78 313
154 713
780 517
17 771
210 438
774 47
321 437
319 902
506 635
713 719
78 475
925 34
127 106
820 776
188 193
184 106
42 392
208 912
997 400
160 211
549 583
713 809
398 77
77 690
584 602
489 794
163 712
80 489
8 22
905 232
564 43
801 463
625 3
221 600
542 977
278 385
668 25
943 401
325 938
972 391
425 988
446 554
731 422
643 346
604 936
540 242
979 338
490 269
348 867
611 831
978 742
249 994
446 772
984 363
676 353
948 718
491 877
526 562
304 328
748 275
969 74
55 149
210 926
961 766
339 190
286 475
605 39
262 477
6 970
390 309
49 117
510 260
828 761
11 49
718 152
573 683
354 919
991 948
72 362
824 683
366 822
243 169
869 165
119 522
594 380
445 558
232 197
855 103
656 615
953 235
510 704
132 456
206 761
502 592
157 11
893 257
901 412
354 475
816 748
47 556
799 236
481 28
175 710
652 997
467 665
85 202
144 660
52 5
725 282
621 409
273 961
185 578
590 619
438 156
448 425
467 503
433 571
360 613
89 425
638 697
355 886
235 446
69 504
514 663
18 806
294 699
665 556
227 356
924 262
892 626
687 274
951 639
199 762
884 514
447 780
66 685
250 318
918 479
386 36
334 662
245 505
257 107
844 138
896 761
723 226
761 27
231 907
749 970
770 113
637 553
638 322
250 643
182 228
129 488
793 897
483 807
138 374
12 355
604 453
72 206
272 496
914 835
664 914
276 472
813 79
390 416
672 881
819 962
381 20
958 763
410 661
712 13
254 948
32 766
609 667
811 963
370 177
476 662
142 547
822 193
825 867
256 162
664 223
612 701
404 93
815 888
926 163
657 305
401 564
914 980
848 475
582 848
750 406
474 149
518 488
846 997
825 678
100 207
947 590
51 389
916 723
384 548
313 386
302 758
873 602
86 153
235 561
17 646
971 197
307 436
498 529
562 922
839 458
274 510
151 836
948 322
524 304
623 576
830 874
9 708
360 720
307 491
232 798
421 351
10 906
407 924
84 255
601 403
287 442
572 276
634 77
448 194
549 36
550 327
843 459
814 184
585 784
839 927
535 102
224 232
520 901
595 459
339 137
178 313
431 912
538 41
637 717
292 896
591 44
157 542
124 599
695 2
788 672
202 94
776 988
138 509
733 892
864 245
546 321
430 748
129 775
367 147
738 773
868 852
11 295
513 953
287 562
110 243
350 674
828 886
831 177
946 925
51 707
144 592
475 675
739 558
38 904
669 167
462 607
601 529
105 418
233 629
18 283
293 659
574 892
958 159
485 599
734 614
505 426
954 558
299 671
997 460
857 345
593 130
645 241
478 66
388 366
307 86
455 310
277 690
648 58
552 146
843 137
607 176
700 374
293 184
919 212
689 739
528 687
877 426
553 12
295 899
425 641
746 615
875 33
684 945
775 522
758 198
649 690
230 303
858 972
965 936
931 792
145 659
719 217
280 646
816 456
600 335
490 91
278 997
185 527
774 593
81 351
158 826
969 143
326 636
646 543
22 261
138 270
541 846
695 102
182 95
590 840
578 784
975 278
727 433
585 328
402 538
920 227
168 648
225 617
128 54
99 525
7 774
177 607
125 865
401 611
555 270
539 901
441 695
962 260
29 123
233 704
92 444
518 33
647 327
699 668
665 540
632 617
544 731
564 195
990 744
166 30
632 728
778 763
251 130
994 358
636 791
450 660
346 764
554 14
922 618
99 167
212 398
25 248
80 520
136 266
528 636
568 269
217 417
36 803
149 524
667 67
117 440
687 647
762 79
528 651
691 73
439 343
23 148
580 695
533 935
605 260
843 403
457 44
365 843
910 98
705 470
466 418
849 739
153 148
941 147
961 765
980 335
432 493
339 506
290 775
556 494
149 960
499 391
814 978
969 905
201 305
628 488
884 18
561 17
675 25
436 515
399 441
127 516
681 904
24 389
557 101
637 471
437 231
924 671
285 467
397 825
969 8
208 192
336 405
929 676
911 304
256 374
663 895
134 363
816 798
600 901
588 498
254 714
38 791
686 823
854 405
765 710
802 304
40 695
55 796
242 261
958 87
322 237
73 699
142 896
221 921
557 715
687 748
445 209
172 220
104 333
910 389
291 727
933 876
130 587
938 946
24 465
373 895
464 565
874 820
764 352
657 858
549 860
397 479
199 983
716 195
504 625
340 223
215 94
201 695
476 495
282 848
777 600
480 584
666 762
460 743
766 555
624 64
642 355
724 667
610 47
370 776
991 766
741 791
438 399
942 470
339 127
225 100
153 199
705 434
762 325
11 737
139 308
395 142
948 441
880 952
420 299
701 678
172 308
680 383
940 817
822 309
344 866
793 49
315 309
903 204
694 243
290 13
571 100
663 588
557 73
730 527
68 938
931 364
110 357
185 146
292 722
499 638
399 227
860 269
739 676
299 7
427 74
754 686
263 480
215 939
825 979
574 758
924 897
797 397
428 560
930 302
694 831
436 91
460 805
424 611
458 694
996 51
793 86
503 29
530 411
952 441
368 256
275 204
886 582
356 289
963 731
912 871
195 613
895 668
499 712
860 881
496 164
132 82
351 110
818 625
356 432
455 444
97 544
186 674
354 177
633 909
861 574
273 61
950 785
22 976
348 774
5 654
947 368
706 269
429 946
616 203
434 72
571 649
787 948
304 676
800 313
106 592
433 256
53 771
18 455
792 909
995 646
357 673
658 842
808 99
383 413
871 474
277 480
758 251
373 151
432 343
286 630
892 885
70 217
606 959
408 480
260 641
653 214
432 294
16 165
992 238
746 730
813 400
979 984
339 377
177 118
766 432
894 197
791 441
426 671
693 763
87 312
16 835
755 814
901 910
922 427
64 607
907 53
157 398
989 102
133 677
98 818
634 992
620 723
771 723
560 110
194 804
46 957
825 894
533 437
6 479
233 747
471 289
113 781
811 204
647 354
104 88
712 407
851 32
178 594
216 417
198 529
525 315
755 392
686 990
857 344
734 758
113 248
930 647
147 659
51 47
752 352
610 770
38 283
683 978
905 428
341 314
499 622
504 792
502 359
909 29
88 215
568 737
532 772
188 599
944 772
706 563
249 964
213 609
244 841
781 624
488 667
951 95
366 732
130 230
633 31
617 610
779 735
250 585
72 809
325 409
590 687
598 85
408 363
563 757
694 409
785 595
344 701
932 262
296 544
497 615
429 380
68 204
146 882
951 155
319 273
42 931
691 280
840 12
987 175
399 469
815 989
962 611
101 21
267 847
586 611
751 175
419 536
258 902
596 456
280 242
355 662
284 650
530 686
290 279
403 236
205 136
124 56
17 914
826 308
683 485
216 526
820 732
270 239
700 864
597 472
726 180
839 367
630 528
422 117
481 559
389 884
289 416
74 694
994 359
207 630
173 834
155 475
268 730
217 134
847 902
43 526
212 399
530 20
74 360
402 419
649 866
745 981
62 393
28 361
156 854
490 760
397 156
100 113
295 977
444 217
501 24
321 642
676 284
547 909
633 985
83 504
46 236
505 334
857 737
487 106
344 972
291 199
865 190
81 751
465 584
158 629
388 522
589 783
718 589
317 664
267 431
60 968
508 601
236 584
543 370
870 139
751 208
28 860
214 687
992 5
441 257
983 107
888 86
613 460
814 685
764 616
86 580
529 707
884 305
759 935
20 221
708 103
533 124
925 243
422 725
59 525
484 22
233 786
180 303
164 916
454 178
349 860
209 297
746 464
974 721
493 113
185 448
509 448
632 535
797 89
47 558
616 11
834 990
774 866
648 774
578 475
696 18
41 419
869 601
28 175
467 505
863 127
848 972
88 113
934 798
592 449
280 433
153 571
335 295
961 156
246 134
224 480
951 286
606 49
708 956
420 118
98 376
636 760
126 346
554 551
918 76
226 404
796 616
525 102
783 786
184 896
3 324
831 842
482 765
335 245
853 986
656 106
909 920
16 201
55 104
955 38
79 358
395 111
298 61
486 67
741 682
29 766
323 961
21 394
813 222
542 804
391 776
341 685
694 99
567 403
148 3
719 724
426 365
483 404
524 486
485 206
324 332
845 94
561 879
526 715
267 996
659 486
933 715
751 84
241 299
95 656
756 766
359 799
52 197
513 893
867 29
328 613
882 52
60 728
246 695
119 191
835 374
412 127
700 808
740 57
94 420
561 730
29 324
696 959
234 898
751 667
468 843
715 250
143 381
448 439
892 434
423 312
623 578
293 49
701 148
843 380
700 451
334 577
151 405
409 302
629 468
72 959
201 29
58 766
477 248
157 530
158 365
710 910
291 108
148 483
278 644
24 689
604 308
309 592
943 296
390 499
323 812
528 239
567 209
861 308
58 67
251 264
318 529
730 625
124 704
604 90
77 246
945 842
845 241
681 848
775 138
894 646
453 836
191 80
603 48
342 452
960 771
261 34
192 858
592 289
164 819
94 564
935 38
829 460
618 622
621 317
990 754
241 49
259 686
55 575
852 759
445 167
462 895
191 391
412 80
549 561
877 100
393 583
937 279
136 50
104 390
763 306
791 709
631 10
193 208
14 422
863 183
459 821
695 393
856 447
655 347
491 100
858 419
510 513
583 197
719 389
131 932
546 989
452 744
434 847
515 970
537 518
274 932
323 27
922 968
500 252
230 301
585 818
89 931
20 603
2 58
684 578
888 349
686 16
391 140
693 828
875 937
699 391
663 288
872 945
102 122
174 343
253 230
383 615
930 928
885 481
903 134
462 82
653 475
933 463
200 93
491 718
794 576
992 489
784 421
539 990
198 126
185 856
354 865
599 885
159 436
738 807
65 611
707 204
103 731
453 824
627 485
829 865
665 704
933 437
988 594
989 775
2 249
25 722
337 672
781 847
859 65
330 571
540 666
686 904
446 493
817 751
859 340
773 12
243 699
503 373
394 667
802 421
273 986
481 671
266 606
29 445
468 899
216 220
490 967
832 109
91 748
899 971
922 616
979 238
485 956
142 375
182 800
787 894
627 895
743 577
946 293
586 268
829 98
775 418
39 938
839 329
191 895
236 276
183 831
279 264
463 95
692 551
822 914
128 650
255 153
535 59
442 358
283 634
395 868
567 970
35 205
127 851
116 480
723 184
300 799
28 814
984 652
624 403
42 866
131 719
577 515
816 325
853 950
582 284
275 536
963 391
11 50
802 795
646 648
20 947
846 67
59 671
298 701
261 311
889 732
104 868
638 993
880 936
290 457
629 738
119 990
650 441
962 503
432 954
472 631
659 461
788 47
347 265
630 800
902 211
372 748
871 762
565 955
640 494
643 961
613 911
30 697
587 556
772 650
241 104
846 575
189 264
216 410
969 892
604 757
401 248
744 976
48 935
570 564
368 452
204 858
498 635
446 747
838 665
394 782
206 544
294 815
118 35
818 685
247 965
657 233
115 786
23 468
889 256
562 678
174 864
726 669
673 445
433 282
75 813
974 818
813 631
636 650
953 908
201 919
148 746
365 668
719 381
278 125
210 863
448 872
377 182
948 685
435 530
24 551
634 278
654 635
141 412
514 214
219 580
382 48
129 380
809 498
701 676
651 467
201 322
760 207
776 852
196 451
362 983
291 337
898 347
138 301
23 638
23 814
930 869
589 545
917 94
846 44
63 770
85 710
46 564
437 451
665 414
168 834
779 162
328 648
437 106
845 93
593 140
99 583
925 197
488 78
824 424
901 364
648 124
722 443
764 194
54 34
114 395
610 892
691 553
470 460
809 598
83 793
427 507
324 769
18 212
807 852
448 281
269 293
347 721
22 615
778 573
530 202
679 495
402 345
250 127
948 13
624 896
442 589
39 925
648 459
814 477
541 635
636 575
395 625
37 140
94 926
960 49
136 595
448 197
710 237
89 286
813 748
547 448
430 196
71 562
719 198
386 182
504 75
196 257
657 273
396 323
490 98
474 623
609 248
124 995
766 438
879 4
179 738
326 535
755 643
58 465
295 476
25 8
245 621
963 462
638 204
729 816
695 31
897 972
521 808
225 465
580 333
323 956
513 156
642 824
292 463
280 105
870 434
708 41
727 287
430 755
91 57
916 190
901 686
99 530
81 3
228 246
730 656
198 986
380 25
730 852
993 694
212 834
103 775
806 628
916 412
641 478
318 82
857 444
584 324
638 539
934 264
437 352
129 599
337 724
194 119
113 567
506 325
731 260
146 498
790 843
937 389
742 644
655 23
415 786
604 701
533 274
497 287
632 814
446 720
599 506
848 774
354 83
652 654
890 129
49 935
14 423
715 118
58 863
311 611
666 542
771 94
503 551
821 590
148 844
592 394
633 850
245 156
247 546
123 624
888 640
562 449
997 256
37 305
420 399
426 972
615 836
67 946
995 505
326 885
378 529
487 465
948 869
272 142
6 595
499 319
797 892
34 392
785 448
54 847
440 975
554 655
776 669
31 53
567 135
839 674
897 959
145 946
280 935
724 930
564 959
177 481
73 720
898 259
861 54
234 357
608 58
312 487
395 172
152 16
873 74
506 933
610 374
768 938
38 524
320 801
337 901
814 625
641 205
271 958
721 31
115 312
265 241
618 673
674 143
307 586
767 145
143 240
660 974
842 937
203 941
424 942
702 321
155 526
103 952
401 280
722 719
152 716
445 857
713 103
618 579
710 193
589 48
877 950
604 530
271 205
389 882
617 393
800 935
708 592
583 868
170 471
109 221
695 890
188 922
293 406
42 150
834 154
998 905
591 66
347 793
294 768
812 837
434 191
238 733
443 695
558 645
688 970
620 397
378 992
490 742
911 544
878 557
148 864
494 826
5 597
304 622
156 711
748 105
567 551
605 400
381 797
258 147
701 957
316 413
853 738
502 496
675 734
200 485
970 910
59 357
386 207
533 837
311 11
793 824
634 354
83 216
291 39
261 643
670 555
689 200
633 579
681 636
225 424
870 24
85 944
694 263
427 837
779 40
104 726
551 516
128 102
510 490
883 76
370 137
206 803
654 831
689 315
584 47
497 778
618 370
713 542
181 16
879 105
657 822
498 682
8 762
940 291
636 370
322 121
656 889
252 506
164 884
536 223
912 586
497 453
151 606
210 317
476 853
795 939
725 294
672 158
781 596
826 667
657 236
28 169
247 855
263 978
820 445
400 448
109 850
181 581
493 691
900 501
558 745
995 945
317 133
174 758
749 386
848 605
175 948
1000 936
514 584
970 192
936 432
575 619
670 709
813 993
698 726
772 782
245 453
619 184
571 445
992 854
349 423
187 436
775 591
614 509
46 121
978 637
306 474
809 497
300 252
653 256
117 415
585 90
783 909
771 845
646 587
478 887
724 875
817 63
376 217
582 45
659 812
452 86
964 194
594 171
157 423
603 667
309 284
898 459
42 633
910 782
379 488
676 724
86 785
851 582
618 455
111 134
630 914
993 681
325 709
263 477
467 74
582 709
234 607
218 120
730 806
743 745
424 983
167 1
445 959
563 157
51 536
416 171
952 461
321 429
850 532
484 874
423 202
588 352
954 534
648 853
189 299
467 697
583 671
911 932
701 432
792 468
223 28
260 42
302 613
435 4
697 345
611 447
633 603
631 32
833 105
355 253
283 72
670 612
303 5
317 980
682 414
265 873
643 265
518 955
960 387
815 15
303 859
732 703
770 924
289 133
593 779
526 321
35 422
625 442
884 657
650 841
61 390
979 255
482 957
233 481
912 196
719 233
248 163
455 914
995 617
870 887
562 60
836 931
672 580
382 207
365 109
23 959
541 958
620 921
895 273
589 678
71 851
664 579
764 716
90 559
71 992
223 777
427 892
745 265
33 645
175 966
462 35
756 399
774 282
764 914
694 77
402 581
616 932
354 701
645 775
797 509
798 78
565 833
233 744
659 260
199 455
845 465
497 163
5 154
155 549
467 887
178 766
674 219
865 920
574 393
556 795
670 279
877 977
713 816
185 367
868 148
963 696
507 852
807 891
352 787
960 594
762 738
959 908
843 824
923 528
251 363
532 434
248 723
49 934
875 478
982 342
216 113
587 418
452 40
537 889
865 580
255 723
191 756
507 547
420 170
863 198
666 654
387 419
335 281
339 986
302 210
269 955
108 229
92 738
933 404
607 205
679 752
527 524
219 737
722 848
822 417
444 724
845 766
202 320
758 885
707 741
766 320
642 72
463 264
853 912
344 640
418 923
497 690
419 870
633 382
279 682
358 417
140 748
489 22
609 485
992 491
522 404
228 949
135 427
871 925
285 346
859 893
676 669
972 564
955 334
59 885
302 462
765 107
214 467
803 274
767 557
915 940
368 911
149 364
544 898
651 934
85 622
506 533
381 467
459 425
337 789
321 392
836 377
642 849
252 96
199 427
648 527
21 531
772 42
964 453
146 324
555 32
282 644
778 257
285 783
470 501
271 204
809 685
833 311
963 660
635 408
350 222
117 753
248 640
776 242
605 860
491 292
109 877
436 419
562 561
230 899
892 500
929 614
549 821
455 278
931 277
60 198
445 284
999 981
288 473
18 846
610 148
421 275
540 207
746 564
230 749
412 634
482 109
535 452
594 457
191 974
710 42
288 679
110 693
187 427
335 19
395 870
433 47
537 657
488 975
597 605
674 465
664 524
177 435
878 913
988 972
760 915
355 689
393 756
67 493
253 490
609 370
874 521
372 456
506 966
788 442
95 552
230 717
851 571
733 578
354 613
336 24
997 221
156 467
346 84
856 249
69 244
464 380
859 261
354 327
119 69
857 356
964 584
70 523
380 407
592 23
207 678
158 282
946 530
394 701
87 536
127 479
660 688
221 518
187 922
591 920
454 765
65 58
484 548
88 965
74 312
736 746
754 390
493 690
991 439
582 887
136 347
374 95
89 477
712 805
329 334
113 487
98 21
26 310
724 321
65 324
839 144
625 268
364 304
628 997
465 911
482 807
943 150
286 655
658 866
879 788
770 808
376 397
196 664
14 553
328 272
130 58
166 676
206 465
596 89
371 259
478 741
119 929
961 733
600 267
287 1
953 733
462 25
770 279
284 777
448 679
675 424
180 970
825 539
328 93
55 410
774 428
647 182
150 394
907 13
46 715
694 247
254 814
515 448
184 5
224 781
37 429
33 361
340 851
987 232
872 77
760 798
5 121
328 650
754 116
259 776
385 453
519 158
262 450
635 523
262 909
15 803
46 788
713 569
170 228
834 799
797 393
709 123
657 766
285 213
398 492
811 117
835 379
656 870
548 860
933 554
82 825
256 628
546 754
431 477
472 226
215 634
203 82
900 180
482 391
322 380
269 549
23 276
44 859
857 98
839 86
401 223
577 537
955 284
208 522
155 53
611 338
2 384
736 175
47 771
856 85
472 350
40 98
884 611
814 338
328 445
182 520
899 432
870 997
712 515
123 948
555 959
719 192
666 508
692 648
986 786
136 770
710 796
90 701
278 744
561 460
498 180
567 210
254 251
92 242
257 419
208 479
779 482
599 765
103 466
196 176
966 596
858 633
58 49
384 133
975 686
564 763
972 608
319 304
993 603
444 917
530 838
655 682
289 92
401 634
608 382
437 76
591 623
542 33
652 700
198 875
944 235
406 868
668 591
261 47
526 597
252 460
25 888
716 323
511 577
445 819
47 995
13 527
270 689
786 785
865 776
797 143
964 640
839 276
587 327
548 967
242 472
155 499
356 592
91 645
359 704
52 792
678 124
516 111
630 325
80 545
118 105
501 159
965 736
912 500
108 87
822 56
239 768
540 228
136 738
729 72
672 276
196 562
399 281
459 532
120 575
705 348
541 718
302 66
362 361
589 918
464 849
383 445
817 216
888 753
761 101
154 125
93 120
323 12
742 184
340 727
325 389
163 118
261 685
27 519
690 381
395 91
225 386
888 62
157 509
430 563
896 371
237 687
440 559
167 644
884 170
392 690
785 881
533 243
240 300
402 734
617 930
927 815
806 692
114 156
385 412
924 551
615 488
764 806
176 263
495 350
744 330
564 509
860 608
932 853
458 736
114 126
599 197
692 345
694 763
91 850
679 109
113 958
807 247
693 182
965 907
302 992
539 599
407 287
1000 257
730 182
146 103
576 720
574 127
324 449
160 439
880 326
886 172
833 80
464 989
490 597
607 2
285 201
978 958
66 976
643 552
804 710
496 523
667 70
887 675
140 254
12 74
531 503
558 796
889 75
320 719
653 56
420 474
840 513
213 513
533 738
865 178
828 34
645 660
886 360
67 912
283 639
676 254
839 610
185 701
166 776
992 886
427 520
373 508
533 964
715 545
976 751
856 918
125 476
880 639
222 642
213 653
637 353
432 192
385 222
776 921
450 508
893 72
171 459
102 673
772 599
621 288
24 215
595 544
328 976
615 998
110 31
627 371
260 274
902 865
214 73
34 675
406 927
119 902
282 665
389 195
946 640
748 628
846 293
677 560
470 278
146 56
402 78
299 730
326 305
207 598
51 250
472 37
491 259
74 313
627 943
403 569
153 654
173 563
209 890
66 901
912 429
787 927
365 152
574 373
979 391
118 81
635 377
31 570
325 793
571 721
628 998
934 877
889 502
305 805
753 679
75 959
455 497
444 360
202 599
361 734
415 441
127 995
663 391
278 995
926 975
745 722
16 190
533 631
755 571
221 235
392 925
961 732
410 330
430 905
345 995
434 628
590 747
917 377
900 873
390 267
547 148
827 100
354 962
614 172
889 931
926 376
305 370
931 130
842 555
914 972
510 437
524 275
251 551
200 231
116 955
871 565
214 280
507 270
521 886
204 902
958 907
545 358
399 47
868 493
960 827
885 794
278 639
90 986
203 887
831 121
912 973
660 625
726 240
602 2
734 543
739 871
27 291
914 25
271 436
61 960
100 954
407 53
485 864
22 981
829 475
30 852
986 566
861 938
737 612
169 496
406 487
304 601
31 542
417 926
531 446
23 106
173 313
714 239
292 89
520 828
334 756
961 926
527 603
382 192
277 348
650 966
687 289
107 347
447 669
230 103
582 200
659 989
571 185
917 413
314 66
405 105
582 347
72 16
626 683
73 313
761 289
332 546
208 464
704 501
211 679
140 601
825 679
203 727
196 433
445 81
802 177
977 61
685 772
210 706
851 612
300 294
980 832
551 863
646 113
731 861
855 37
507 411
552 854
406 869
777 887
997 276
856 984
13 701
541 761
90 16
952 491
368 722
146 752
378 279
458 431
241 53
630 521
117 618
423 927
821 824
611 332
131 998
425 207
196 737
271 392
701 323
687 784
669 741
969 539
566 663
970 292
460 582
162 780
472 396
292 415
256 925
443 797
954 753
503 721
199 696
991 532
297 432
795 465
836 739
819 471
748 407
932 222
952 756
734 311
995 566
581 305
987 742
58 670
130 227
74 955
263 681
909 843
162 688
298 70
274 834
82 123
524 102
376 164
448 625
106 117
15 861
197 858
510 275
681 517
150 448
935 540
570 961
949 576
479 753
462 449
135 421
873 446
836 54
584 167
754 952
720 347
652 168
536 266
276 13
258 528
480 672
134 103
449 599
391 844
571 293
21 319
538 715
730 883
603 483
90 210
848 266
206 740
983 500
677 825
90 69
915 140
384 708
901 417
911 248
203 831
935 198
833 388
227 181
856 547
929 937
194 185
311 781
8 398
969 981
91 627
203 29
701 502
596 540
629 626
248 642
230 822
625 832
805 264
535 627
26 417
853 28
122 22
245 692
910 205
622 995
308 615
862 202
493 605
54 993
322 583
850 167
499 593
351 976
887 674
763 496
639 269
362 315
918 458
796 914
374 642
550 641
255 133
354 253
98 704
603 869
398 373
571 937
117 656
724 227
232 737
567 887
633 175
689 205
992 60
936 930
721 700
729 877
949 932
127 514
383 916
349 516
228 939
112 769
458 976
834 535
875 449
203 620
95 554
155 961
215 925
536 4
209 300
337 887
266 317
694 853
290 679
254 716
863 678
75 247
997 300
562 546
938 25
753 312
406 924
321 180
15 184
218 308
297 991
954 21
227 62
445 235
692 92
198 493
97 542
5 259
834 253
598 130
691 284
957 40
251 277
218 598
924 701
316 239
522 526
84 371
602 752
160 323
10 173
534 504
277 756
978 931
460 654
619 927
286 866
567 663
532 842
112 219
503 546
630 61
614 662
5 950
709 674
829 976
40 23
452 346
595 327
776 491
481 123
541 693
377 186
692 519
328 840
700 26
538 173
931 308
176 678
201 245
723 88
999 447
824 897
197 129
552 400
932 870
194 649
174 403
819 602
295 961
736 76
310 83
993 851
6 824
105 115
492 821
898 454
43 453
996 485
137 648
603 269
310 893
6 90
889 764
29 795
388 916
859 980
293 902
760 661
322 717
820 937
787 288
788 207
829 933
441 988
171 71
12 813
869 309
817 730
432 696
289 257
555 106
570 540
759 771
856 539
963 705
179 366
507 845
847 807
9 787
586 500
70 644
4 708
364 993
700 523
717 931
888 795
454 758
28 136
691 376
87 687
473 879
516 117
921 707
679 632
458 76
166 405
577 18
959 728
49 665
32 937
641 893
576 127
975 844
199 612
904 604
68 417
590 546
917 698
409 83
639 59
552 509
796 760
429 385
803 140
605 104
738 587
166 928
922 258
462 123
836 844
788 687
537 105
722 87
393 673
824 763
860 201
772 72
595 780
686 437
135 465
764 941
209 502
105 248
509 774
301 8
99 534
150 758
582 661
197 697
385 551
671 449
752 843
769 345
668 585
497 408
155 550
947 514
327 284
8 509
916 271
111 657
356 380
877 974
949 449
772 334
523 564
234 995
900 170
920 616
449 652
708 655
216 197
288 210
312 728
169 49
478 69
961 61
339 641
583 877
37 74
238 709
900 456
316 151
815 213
502 206
50 455
434 102
606 208
218 689
284 826
420 213
389 734
143 316
753 669
899 1
166 512
939 768
634 104
211 580
123 997
452 725
309 876
805 855
112 370
170 862
562 76
391 378
286 596
399 799
185 679
222 906
867 627
687 452
871 43
547 369
396 355
142 27
315 405
942 242
965 179
163 201
378 249
719 964
395 429
372 209
672 833
915 723
291 365
721 736
428 178
105 75
676 664
458 957
24 479
721 710
910 59
747 549
452 335
57 409
898 545
459 477
314 296
805 303
780 573
56 863
437 430
534 628
613 5
526 644
94 190
623 92
932 855
13 672
712 441
493 24
557 591
262 629
368 105
342 199
916 658
425 153
523 592
651 615
599 293
270 19
174 623
621 62
551 279
83 563
692 159
199 889
93 406
166 322
478 176
351 834
190 580
877 502
457 507
576 879
466 379
970 59
143 967
112 271
151 472
395 778
912 240
112 414
796 514
879 979
111 581
281 80
417 528
77 454
940 836
745 420
600 417
858 717
340 612
932 927
179 734
897 927
701 637
319 494
266 230
853 802
340 971
841 874
163 882
993 935
478 953
746 169
388 957
196 547
827 312
684 103
155 851
462 333
414 208
219 424
534 673
204 316
731 834
578 529
778 127
637 50
584 418
473 293
751 62
128 408
664 122
957 297
873 836
926 292
882 10
117 783
150 920
800 761
88 571
265 831
824 239
427 402
378 332
514 986
752 625
694 628
41 276
83 953
354 309
446 285
626 884
433 674
640 688
188 332
812 918
227 398
342 973
806 124
865 528
518 576
174 762
23 534
2 443
294 691
922 760
338 515
783 469
252 809
398 621
629 329
773 559
407 993
600 65
66 677
642 378
461 600
57 157
173 356
377 185
397 549
962 143
398 655
828 448
207 5
106 168
185 735
511 403
331 873
745 503
894 208
895 377
349 325
405 83
944 299
963 473
547 150
326 836
876 602
354 386
571 12
484 69
276 480
171 762
964 53
784 339
626 532
932 683
944 9
803 350
16 636
609 659
620 771
90 983
116 901
337 944
580 116
195 46
946 623
996 196
797 277
891 486
546 23
33 72
566 210
359 946
860 443
777 5
593 16
476 11
696 871
986 168
808 865
660 898
332 83
742 514
950 607
790 928
916 731
76 72
994 711
136 141
100 838
941 888
798 643
881 127
991 246
763 127
230 30
821 851
99 497
481 730
579 897
321 945
394 815
397 263
878 655
202 148
386 847
333 810
905 441
874 674
981 142
286 972
390 798
718 259
179 425
783 553
142 419
951 603
718 834
511 192
41 204
403 821
140 128
71 408
923 299
388 386
763 552
604 449
140 23
89 585
640 650
799 956
311 222
149 815
886 342
985 855
68 305
883 460
150 331
707 666
177 111
624 464
241 828
385 122
870 85
690 295
362 820
71 988
372 365
525 759
289 887
38 650
624 757
851 505
599 879
341 587
215 102
151 873
436 881
916 187
76 424
668 676
154 762
907 264
416 493
111 166
665 750
897 16
696 660
713 730
807 128
8 694
489 523
753 374
575 699
173 966
817 854
714 762
507 872
324 866
143 302
881 27
900 171
868 359
762 750
88 785
5 346
961 214
123 297
677 296
408 775
207 441
10 967
304 744
265 630
50 452
178 145
306 90
161 933
678 194
365 573
165 963
395 354
446 902
454 509
844 557
993 365
339 79
529 3
362 340
80 977
157 807
16 105
325 497
550 746
258 426
889 142
410 273
799 281
185 535
166 882
839 665
661 322
989 300
681 523
747 262
984 980
12 682
538 823
152 230
319 346
782 839
730 607
766 177
716 990
76 637
628 178
704 578
959 266
793 449
210 503
525 620
203 578
634 894
798 31
637 45
841 554
501 794
302 997
983 502
660 971
328 596
536 89
189 397
9 255
262 731
299 354
502 879
13 560
142 940
497 429
668 332
463 624
411 989
288 128
204 443
865 666
131 458
350 194
21 866
632 847
564 462
446 753
415 802
679 477
151 502
294 773
61 6
8 238
248 755
526 112
875 446
506 183
970 326
772 208
300 721
856 97
931 625
443 827
876 179
911 604
887 557
486 974
487 99
522 966
993 506
978 366
893 476
926 982
157 667
40 401
213 767
793 771
941 139
799 253
244 145
310 474
461 870
492 956
920 297
758 631
318 576
858 917
401 916
367 509
427 952
216 949
141 822
381 145
355 554
104 874
157 224
750 673
509 717
265 135
389 222
68 860
588 411
897 346
21 706
523 256
851 655
466 659
8 500
916 337
126 335
599 234
964 549
432 670
950 624
118 149
510 939
350 924
721 280
51 289
288 61
713 972
679 227
972 111
132 102
193 112
605 779
866 345
334 803
248 672
800 55
765 913
133 386
471 810
455 353
259 394
209 895
838 290
506 203
400 340
489 856
58 784
338 512
445 316
107 197
991 337
499 559
737 119
325 609
766 595
527 979
48 234
738 168
575 999
818 24
302 121
714 89
184 792
999 40
470 864
585 204
668 54
148 470
865 76
119 957
746 857
766 412
253 823
344 717
976 718
201 469
755 858
59 979
372 266
907 1
160 650
540 993
698 134
382 359
534 352
132 736
578 848
300 430
221 214
932 571
672 41
42 757
993 563
6 88
427 53
927 992
841 615
517 612
609 515
228 175
47 757
798 87
804 574
342 435
829 931
186 679
229 835
530 512
893 316
308 118
902 832
445 811
66 32
489 959
734 627
220 825
851 905
398 18
420 590
386 554
888 241
647 933
618 791
643 622
274 503
645 132
973 567
957 146
65 26
672 46
359 728
126 701
112 27
744 720
903 869
112 106
992 553
457 644
429 759
847 266
98 279
598 616
124 795
107 463
292 171
130 26
987 524
794 420
227 839
780 215
680 323
112 645
461 814
906 653
690 292
107 634
73 318
667 764
584 142
638 65
767 935
589 387
210 272
752 992
664 149
202 892
3 869
775 131
525 984
837 582
716 665
898 714
21 649
247 289
252 89
273 580
237 779
163 760
116 696
472 932
385 711
78 628
65 811
700 407
599 146
678 775
825 209
646 289
1000 888
705 788
463 524
246 436
377 331
285 584
774 847
498 619
772 110
598 200
446 677
164 510
438 757
420 832
536 681
670 638
468 84
269 37
826 958
956 993
614 717
649 991
229 842
134 913
653 959
516 137
918 301
101 871
763 582
50 39
642 291
680 114
572 160
545 390
921 360
940 533
880 873
310 332
112 451
934 650
917 988
410 286
250 593
567 876
736 296
889 894
121 484
339 285
35 52
510 278
23 591
559 360
374 865
196 1
296 328
435 927
789 244
121 710
51 923
868 60
238 367
954 36
556 176
479 515
266 34
506 943
141 866
806 680
574 828
259 823
651 989
618 280
621 615
494 55
321 387
546 92
198 843
15 387
772 526
261 15
372 774
161 427
753 273
825 124
459 138
811 433
549 589
270 102
697 442
716 498
511 758
296 509
373 753
304 984
377 758
937 372
259 256
463 992
503 483
643 422
644 117
539 329
575 671
557 896
317 123
254 107
400 361
605 521
264 456
325 801
348 710
738 90
903 654
743 463
487 13
566 912
734 22
992 977
562 415
230 369
213 525
163 312
865 182
466 411
939 424
788 924
366 640
704 227
997 748
317 656
701 280
12 872
556 487
741 557
64 753
79 612
871 222
177 438
805 572
956 440
595 232
813 97
524 148
413 883
877 157
646 710
662 270
884 138
8 819
963 285
506 848
286 114
270 663
987 131
533 19
849 166
449 560
86 719
245 541
388 949
688 243
764 838
454 690
145 796
648 577
441 965
66 426
581 537
42 451
606 336
959 156
319 829
530 428
363 645
125 638
75 265
591 833
449 124
234 918
933 898
330 681
41 282
597 373
246 333
156 125
104 438
942 547
195 828
835 561
382 748
19 412
277 640
596 418
635 396
853 61
658 189
164 310
572 410
574 377
305 712
468 140
934 865
597 937
467 76
141 179
932 130
8 416
790 288
684 995
794 175
482 176
517 338
89 627
523 938
603 355
274 999
280 600
739 478
173 243
980 261
84 818
432 307
586 156
92 453
55 243
629 26
432 386
585 92
241 790
975 435
153 488
119 813
163 131
491 766
607 708
794 355
275 379
301 881
105 112
348 443
37 823
223 672
59 835
618 260
82 352
93 859
266 107
431 823
312 421
202 857
663 948
6 89
669 439
746 282
932 907
113 655
699 896
169 653
6 488
688 159
856 849
454 670
367 871
722 434
377 995
214 254
474 155
599 137
506 296
90 427
863 276
848 243
851 904
892 228
360 941
877 120
398 19
380 137
242 433
958 459
763 616
853 255
288 201
877 9
861 644
791 697
169 218
152 808
429 536
587 444
435 187
239 897
807 691
99 230
878 636
662 569
4 307
486 693
785 34
342 713
166 539
874 477
376 319
771 96
765 282
168 203
429 857
690 112
656 160
909 210
110 875
249 785
413 616
527 724
396 378
490 109
182 303
910 664
916 430
183 997
417 478
900 841
741 613
84 564
551 740
291 370
178 266
682 740
789 64
405 855
542 776
559 938
964 186
436 883
533 75
20 114
738 795
113 73
595 847
217 580
987 120
39 135
63 13
945 556
734 818
237 778
403 72
332 226
959 71
278 365
268 969
160 194
218 376
43 895
616 75
997 498
344 270
768 432
807 881
994 344
356 605
86 290
969 910
606 437
540 963
355 287
814 654
212 380
984 205
468 998
132 962
307 188
681 147
554 163
745 992
374 408
340 24
322 639
641 813
951 520
499 633
687 114
209 983
122 464
253 698
571 541
255 28
320 930
672 664
838 21
842 88
71 638
933 367
6 699
506 507
942 23
211 11
92 286
849 765
885 215
524 915
611 635
409 989
174 351
234 225
909 984
309 700
935 600
37 749
866 535
906 686
524 241
414 473
966 538
275 629
276 410
707 991
704 268
211 583
214 634
620 665
713 265
508 131
55 334
834 527
566 126
806 681
755 51
183 279
638 860
507 458
859 17
403 247
721 16
829 427
462 534
632 89
86 898
821 469
513 780
74 842
440 112
762 894
322 108
751 773
476 985
967 6
973 267
180 402
737 529
493 934
277 905
973 412
759 133
373 752
411 991
503 333
51 372
345 87
364 917
365 364
41 334
522 647
770 571
145 152
436 425
839 21
808 375
790 571
114 910
776 149
649 873
672 454
838 343
642 961
606 179
700 300
995 888
19 536
282 245
61 84
242 925
442 511
95 475
923 356
706 620
102 429
16 56
73 185
383 348
741 842
305 30
435 687
55 238
348 916
404 934
352 95
940 688
379 886
772 614
2 905
367 281
187 143
278 826
876 625
184 809
510 307
348 186
738 972
84 620
977 351
968 587
44 50
564 777
27 959
675 144
24 62
189 860
839 765
979 614
391 684
640 216
935 307
183 725
858 313
81 76
9 319
946 968
48 275
898 691
446 87
341 867
128 384
806 439
897 457
863 674
169 946
607 296
761 936
171 236
337 644
17 518
53 192
401 359
845 356
773 199
463 673
890 639
566 390
237 500
223 33
406 515
152 606
238 934
334 801
905 305
838 657
637 171
418 444
735 43
649 820
549 979
458 84
332 26
36 996
834 411
72 952
218 999
202 416
666 371
976 83
98 369
425 711
302 127
583 282
987 693
308 788
439 34
776 638
801 979
942 79
176 858
456 442
257 191
176 221
6 530
888 413
728 894
283 975
197 141
8 362
185 589
495 872
794 497
335 787
547 155
768 732
181 441
823 126
902 363
444 681
410 617
106 472
182 29
849 368
256 403
944 12
934 682
599 537
831 305
435 663
824 449
426 229
100 412
673 812
678 575
751 95
842 921
937 759
649 267
6 376
431 645
691 561
284 489
912 962
108 677
475 638
624 398
608 144
869 642
502 853
29 347
345 30
830 55
887 34
504 697
981 937
928 43
161 700
772 116
832 439
117 682
378 65
438 751
203 438
166 318
574 139
761 384
613 623
463 840
800 196
947 23
770 996
549 439
597 987
299 872
879 656
657 94
676 462
622 518
115 684
611 787
614 694
852 15
943 176
951 709
274 953
331 552
23 214
84 992
194 271
474 964
98 644
283 570
340 697
126 206
353 818
300 223
118 626
525 274
254 146
71 840
512 531
572 851
196 47
718 172
137 607
211 682
58 59
441 177
525 581
320 345
699 830
176 3
647 255
16 746
863 964
574 521
885 840
361 9
852 997
677 768
252 999
91 223
259 387
172 628
566 300
159 654
62 95
797 24
191 313
731 284
238 892
664 339
392 54
377 728
78 174
565 157
549 568
22 680
4 99
242 466
557 777
852 623
265 665
251 352
749 390
472 115
436 470
313 645
434 147
697 751
610 792
799 710
396 219
164 335
476 425
338 454
784 820
545 821
295 948
576 182
338 345
672 665
286 713
50 180
861 220
234 56
171 537
547 194
894 239
417 505
202 557
442 28
393 624
376 792
103 415
239 175
441 348
993 927
498 343
428 174
730 602
591 299
775 80
525 617
582 602
159 447
110 299
203 583
739 665
333 504
760 860
890 791
797 297
500 607
85 631
926 87
162 224
493 242
60 955
59 616
708 811
46 854
108 975
109 290
276 991
156 373
854 388
159 866
117 984
852 685
744 110
599 176
657 585
368 322
830 124
908 734
393 383
605 804
42 158
649 142
154 56
145 159
856 1000
900 667
316 192
902 699
134 849
861 636
541 394
984 89
857 973
822 841
126 586
435 355
249 125
732 638
269 984
571 568
75 905
495 512
41 777
377 161
785 378
628 686
830 666
580 713
562 108
158 611
234 232
715 598
30 323
131 681
113 996
837 55
297 706
649 384
177 436
586 856
660 455
996 639
48 167
466 842
174 491
254 821
789 22
70 271
720 679
722 27
443 454
693 426
755 97
93 538
760 777
372 471
300 340
216 807
370 16
950 341
254 614
42 318
495 376
794 961
696 847
513 879
74 879
777 178
971 304
401 358
221 893
675 468
446 438
194 439
700 909
232 571
691 754
412 401
398 164
905 304
963 518
204 930
722 931
302 307
930 820
633 673
939 686
681 558
411 329
35 549
400 230
148 780
714 376
499 560
886 428
452 666
470 872
823 298
182 470
6 640
353 932
451 467
310 88
958 391
837 43
287 886
185 588
441 442
906 660
29 579
637 686
127 604
684 289
564 895
836 228
325 516
131 368
515 457
708 928
81 141
278 545
542 786
655 721
486 388
34 29
551 544
370 165
196 87
409 551
907 480
926 28
894 656
792 96
902 37
780 705
68 691
985 829
458 723
422 382
595 706
347 968
198 657
143 48
346 940
377 594
764 74
124 233
677 589
878 454
260 387
882 580
824 126
237 471
844 65
437 565
294 895
557 804
467 558
450 672
83 638
982 322
490 516
154 584
312 688
139 641
891 772
179 128
342 604
460 687
188 33
192 164
598 508
196 596
953 951
439 400
61 414
31 826
69 115
297 632
561 283
300 841
546 657
712 665
966 274
288 853
650 595
153 89
887 820
283 938
656 64
897 938
111 750
573 517
172 418
393 603
637 690
577 883
798 261
376 876
896 285
733 880
76 597
851 509
618 400
693 482
840 106
660 221
578 546
872 283
711 770
967 660
901 313
665 754
345 302
346 17
517 982
369 400
886 671
225 916
1000 14
782 458
125 947
91 847
772 676
829 565
8 265
227 159
341 139
895 724
397 681
773 30
406 601
48 905
750 152
695 873
865 882
373 651
85 7
674 548
932 829
274 470
460 493
249 570
84 321
947 965
820 381
490 632
536 684
676 412
35 620
397 109
182 717
850 610
39 952
44 742
761 268
641 860
421 712
813 694
410 123
321 556
340 504
692 597
895 78
454 256
992 935
849 866
421 601
996 919
283 616
640 428
396 393
969 89
420 544
884 876
943 57
338 120
211 506
103 184
914 605
324 187
876 214
126 235
223 951
44 298
318 985
782 598
131 618
371 113
998 62
451 201
659 876
530 410
408 20
559 987
251 628
968 76
863 773
521 732
689 278
587 847
90 813
205 44
81 102
615 481
655 958
472 613
381 491
95 948
434 694
522 65
772 84
579 112
85 487
871 712
731 93
579 1
561 574
415 854
877 796
968 520
916 296
170 54
777 230
639 870
565 240
754 267
226 976
863 488
143 703
330 914
222 412
78 992
579 605
196 895
583 125
127 257
476 543
773 677
830 814
818 782
198 52
295 970
44 714
886 65
580 788
448 151
451 728
912 358
24 934
424 128
482 906
931 851
35 358
808 38
993 510
597 302
853 602
457 169
793 775
739 829
861 350
374 934
582 251
965 1
605 58
537 266
663 350
655 386
337 284
357 849
193 784
487 722
704 808
127 699
818 550
258 684
638 13
289 834
436 468
236 865
367 451
996 463
301 923
465 467
841 869
441 232
613 322
524 501
375 947
413 146
837 445
203 486
358 566
967 604
64 933
553 824
352 956
882 180
794 974
579 108
910 708
401 468
238 219
12 445
539 746
354 492
355 925
302 884
604 600
881 453
790 921
422 61
469 126
460 548
327 112
899 627
543 892
450 861
70 658
491 363
311 668
973 527
144 943
825 488
667 285
83 722
952 997
442 703
334 961
944 789
620 490
838 433
300 576
266 752
839 199
884 646
576 255
192 200
156 679
306 320
711 829
519 556
79 85
625 759
908 935
400 675
609 91
573 480
206 251
201 495
79 820
618 155
676 475
931 58
56 736
725 172
52 309
214 561
175 821
182 19
292 631
719 808
777 529
758 710
238 704
927 863
909 704
785 818
333 46
778 141
730 642
362 526
555 309
423 61
704 829
711 686
158 314
56 329
935 422
77 963
901 338
707 31
265 48
660 911
68 455
450 927
232 303
240 503
186 901
540 724
388 89
491 164
398 22
551 500
276 758
761 676
731 720
532 423
298 509
736 853
917 768
865 567
916 949
783 391
967 426
456 540
454 123
865 416
772 148
649 935
282 184
321 726
896 948
17 189
42 861
719 426
353 229
540 271
687 200
121 1
122 298
880 242
869 616
923 302
322 939
641 529
179 974
44 432
818 139
231 930
235 295
76 993
180 99
19 998
941 207
650 988
241 823
992 105
79 335
319 476
157 529
352 776
150 430
733 462
301 850
487 619
915 554
453 535
383 938
976 972
389 319
840 107
287 656
57 391
663 981
405 965
270 509
662 311
470 4
897 390
422 411
206 514
512 251
397 599
90 27
825 100
833 325
720 126
994 629
498 836
543 534
609 884
843 888
406 606
562 800
71 888
293 504
104 497
715 96
703 237
147 524
277 709
226 47
156 838
303 913
847 724
44 743
705 187
429 795
691 120
566 904
880 143
952 524
828 167
226 369
368 417
972 888
502 482
201 85
218 989
607 325
993 465
245 388
391 368
582 353
438 821
711 237
609 18
891 991
779 344
746 925
49 123
33 606
767 865
568 809
809 39
77 429
538 897
595 208
686 249
998 63
637 341
488 820
620 517
16 923
751 477
334 151
979 734
642 786
149 258
942 579
342 285
219 66
59 765
833 706
53 560
85 629
485 267
15 286
876 972
954 770
367 811
684 159
815 711
717 530
506 653
661 377
111 310
611 643
688 297
318 116
856 955
285 149
837 856
381 716
57 238
129 150
337 558
801 255
489 891
976 387
725 264
912 667
506 478
731 747
697 303
401 154
865 669
630 415
954 852
798 623
584 983
640 601
350 86
758 371
995 927
354 13
887 405
35 698
786 414
715 12
631 912
875 535
790 425
97 838
939 725
10 887
173 489
410 722
411 284
58 603
75 907
408 518
463 32
982 964
568 632
272 85
515 19
908 66
455 845
10 568
463 326
249 718
177 89
749 873
1 171
148 430
496 785
813 460
524 1
885 458
432 248
20 983
955 244
168 706
663 792
300 359
820 702
570 421
585 971
661 74
370 191
980 784
852 237
696 627
159 413
146 620
368 932
835 104
930 172
949 240
734 36
575 945
82 557
835 249
905 669
241 148
132 333
812 735
264 989
228 406
603 226
587 729
274 234
223 157
745 781
692 436
549 621
539 523
53 495
675 726
807 826
478 116
128 84
78 850
502 110
507 440
964 855
472 45
400 314
956 839
207 463
296 138
870 660
762 5
959 93
653 882
452 629
749 265
771 507
117 111
212 149
274 592
224 363
690 72
116 635
50 235
644 681
850 386
500 63
102 223
624 347
589 807
420 344
674 356
102 174
132 975
206 248
944 289
656 501
570 359
516 641
333 203
667 535
210 150
488 780
608 13
607 849
497 962
573 705
753 460
599 833
836 117
855 315
958 544
355 589
281 626
780 620
379 339
217 620
498 127
6 492
155 930
764 870
173 28
23 922
369 490
560 349
1000 20
12 804
398 501
835 354
290 608
414 611
623 259
735 453
994 705
812 594
27 394
579 873
707 316
290 356
821 812
141 491
329 678
990 685
517 35
477 614
484 626
32 83
360 544
844 466
701 311
887 428
90 642
250 19
13 853
179 21
986 911
267 306
486 734
912 385
621 145
992 703
368 249
403 970
478 370
10 956
852 155
924 376
676 457
648 362
153 908
904 756
27 871
781 50
625 432
628 625
723 490
280 521
478 428
335 45
729 158
656 164
580 289
783 725
128 589
993 37
978 307
762 362
822 704
917 308
192 813
803 181
404 146
387 922
279 664
304 108
158 859
750 913
629 185
384 180
441 325
594 133
686 333
769 7
418 111
996 384
353 443
730 756
158 117
755 91
43 547
355 617
7 784
210 412
854 669
608 375
437 83
99 620
392 332
194 168
51 721
988 578
405 678
62 294
268 886
108 629
74 933
735 424
373 631
462 984
873 919
911 29
792 395
521 243
14 144
218 503
385 822
756 875
294 880
545 838
378 241
416 798
346 595
593 562
922 536
706 499
514 702
364 83
58 866
991 502
575 759
411 130
632 196
640 924
282 837
909 16
579 706
515 937
330 161
444 185
248 298
691 232
966 82
19 807
57 635
644 974
652 197
358 226
766 767
359 191
842 215
127 931
341 150
865 30
101 580
90 759
36 241
811 701
650 629
320 976
444 526
440 551
710 881
573 27
344 650
309 696
550 974
168 600
174 917
45 142
393 629
214 527
515 498
257 390
978 200
392 699
724 548
619 898
63 199
494 123
401 819
94 960
793 357
557 132
745 124
798 246
52 508
627 64
389 419
673 888
107 105
285 114
108 955
220 553
911 607
389 52
906 238
581 544
752 878
234 669
163 667
937 716
741 170
228 499
298 653
731 460
916 298
440 227
762 554
579 144
483 7
691 618
251 35
587 653
694 611
109 65
611 259
61 830
282 527
526 856
824 56
247 283
8 5
562 596
53 571
403 548
429 604
340 201
416 375
990 903
536 650
22 917
904 942
654 222
527 852
527 288
786 302
611 223
780 336
412 588
89 745
92 728
131 908
690 165
943 885
947 366
865 201
634 262
209 320
568 1000
54 695
861 61
793 773
337 385
103 222
571 481
434 585
788 520
182 235
664 534
572 935
956 454
776 676
798 417
92 28
305 252
161 421
236 972
3 629
520 681
63 909
67 326
31 419
107 569
418 36
182 53
483 897
996 457
98 796
712 462
267 777
203 663
646 934
557 377
467 987
506 575
802 96
397 956
882 178
494 212
976 179
794 972
264 847
690 813
751 948
54 396
167 231
775 484
800 752
104 157
507 200
623 238
881 507
702 178
815 568
859 396
19 197
886 999
118 285
47 787
838 634
804 958
326 302
666 955
518 680
667 366
117 731
885 349
913 226
716 241
632 992
620 341
869 718
442 902
87 880
625 169
331 290
776 181
235 910
103 304
481 2
728 61
583 129
325 145
471 873
847 316
316 436
814 175
748 471
164 96
261 970
559 345
597 662
349 412
13 325
537 379
626 696
891 964
870 209
373 423
376 117
405 174
334 124
979 955
67 661
837 441
276 491
720 697
498 267
6 816
64 577
910 874
323 972
560 790
238 271
214 534
924 93
573 704
595 888
86 637
90 880
915 897
58 146
497 850
400 456
51 137
617 97
645 933
820 514
214 273
717 390
498 124
579 445
584 453
68 702
986 473
626 832
110 81
592 816
26 954
975 867
890 701
66 395
910 678
199 357
93 789
772 707
794 851
281 828
198 551
146 386
19 112
555 98
227 245
902 498
549 512
437 562
701 453
313 508
947 893
824 693
130 545
368 28
4 26
740 268
388 377
905 337
857 104
394 982
44 878
162 378
655 330
145 501
313 847
49 657
482 982
571 756
606 658
827 991
622 694
279 324
157 860
953 91
947 422
197 75
988 330
899 459
576 76
261 814
657 269
487 310
54 895
936 836
97 472
63 743
521 971
404 201
277 69
654 373
305 260
806 932
107 839
928 818
909 657
34 205
953 481
189 815
579 474
510 640
30 33
340 889
659 563
659 431
402 788
366 249
626 290
725 943
798 949
768 248
368 636
720 225
130 97
471 676
169 910
223 327
329 107
208 932
317 286
209 509
302 690
919 796
4 984
152 619
127 55
359 532
143 311
276 660
977 513
652 819
445 43
754 799
817 984
213 63
765 994
860 986
717 639
724 95
725 84
672 64
202 179
75 131
113 468
735 659
585 626
967 392
348 760
286 674
838 511
488 675
568 751
588 722
39 778
214 247
390 542
84 913
676 381
642 317
258 50
520 961
171 895
960 152
28 680
840 638
383 308
115 938
921 227
44 406
7 290
834 935
528 459
513 441
732 811
514 146
973 378
519 647
405 35
337 309
963 857
193 35
709 21
233 228
840 348
200 820
452 2
839 662
572 883
251 91
258 711
991 875
708 339
11 5
558 604
382 342
366 955
470 443
120 289
873 421
486 496
825 714
647 724
759 977
940 13
471 501
978 985
811 888
45 448
180 345
822 152
845 25
424 779
526 652
640 31
879 206
916 324
497 68
246 601
835 172
216 540
220 840
226 653
743 944
360 859
14 194
651 587
238 796
352 859
459 17
652 832
619 767
13 954
458 347
424 327
464 568
374 223
856 330
724 838
477 518
293 107
331 168
829 425
801 957
78 999
583 126
910 218
397 61
184 438
222 18
890 24
691 41
106 523
785 92
314 604
4 496
321 58
852 220
875 213
288 579
92 56
478 848
226 275
814 144
727 945
247 651
89 537
679 798
124 857
430 776
872 779
620 837
755 726
922 211
182 116
500 874
869 577
931 144
570 304
183 359
444 881
485 75
915 612
988 886
360 507
120 251
593 147
778 103
670 41
194 894
712 255
454 692
256 325
664 66
773 288
499 215
311 560
108 559
436 86
826 474
228 495
143 765
821 165
329 831
759 505
523 860
956 611
104 714
354 205
820 18
716 99
934 46
238 939
131 303
283 120
263 966
303 117
806 116
350 48
979 736
910 182
640 982
571 890
292 329
790 454
652 473
909 454
17 214
101 24
24 790
814 317
875 177
322 723
514 393
435 496
256 20
666 380
559 491
572 102
365 800
166 723
478 577
631 517
848 231
268 135
696 707
239 412
993 136
231 747
546 760
230 113
710 815
548 94
839 713
612 873
615 102
428 76
339 475
196 48
16 854
607 706
332 560
573 622
870 48
175 822
737 365
263 307
750 725
772 799
366 226
955 387
315 544
279 965
674 489
441 122
78 321
764 864
636 641
802 389
551 770
988 632
935 419
792 147
815 761
178 718
68 718
38 802
218 112
375 39
507 215
494 467
702 148
838 980
604 686
4 116
276 753
405 270
618 798
105 865
235 702
347 812
117 702
78 940
691 323
231 394
198 844
450 559
566 641
491 473
502 696
41 26
833 22
743 559
264 311
316 738
434 123
662 563
704 944
321 683
178 116
774 936
403 829
211 132
785 27
361 535
603 776
418 481
662 797
426 75
850 469
776 432
118 853
990 299
491 805
168 320
921 262
512 997
585 145
732 832
372 87
210 86
985 790
519 526
827 45
426 654
266 215
430 546
915 702
236 789
898 304
457 576
258 659
850 25
188 720
16 961
290 32
737 393
422 557
775 107
48 997
504 91
271 140
141 887
293 976
42 720
759 637
923 909
877 530
971 597
897 362
55 518
739 753
707 111
302 977
125 990
547 356
648 543
276 960
316 757
133 985
996 119
65 947
941 946
12 970
462 793
612 423
995 313
27 507
635 782
4 985
498 978
247 205
824 30
22 685
500 260
189 180
407 381
709 813
677 335
408 326
94 211
994 453
305 175
80 397
446 684
303 221
204 998
279 20
874 654
212 489
875 347
527 882
18 862
278 212
575 582
979 329
925 947
286 675
583 187
35 481
234 974
614 599
250 390
487 119
75 625
830 739
818 219
309 996
386 367
153 136
487 341
514 147
591 99
262 373
862 562
645 1000
831 513
29 519
146 869
168 745
423 275
704 555
569 611
401 817
262 38
409 626
802 235
343 201
626 935
555 481
756 358
993 636
320 830
856 864
447 127
638 838
471 357
493 237
149 481
426 166
329 945
683 466
119 196
47 539
782 426
327 507
75 354
591 874
122 971
434 511
32 46
416 973
324 846
709 639
105 1
844 276
26 439
122 28
250 73
930 813
65 403
273 246
844 363
740 596
193 319
122 399
153 740
456 599
886 212
59 402
744 387
995 894
248 473
211 207
361 606
516 955
567 570
970 32
217 328
776 505
738 887
211 188
265 884
639 132
141 281
823 477
25 256
46 110
213 647
440 777
365 972
999 397
334 561
625 856
148 425
177 431
698 891
291 419
222 649
116 148
614 191
963 373
766 876
292 448
722 20
245 985
673 568
525 567
450 499
375 911
836 419
660 145
664 212
827 735
6 7
228 179
726 406
447 147
655 926
597 955
129 968
648 584
619 799
815 740
494 911
835 250
525 874
233 684
369 92
760 603
377 953
963 862
303 417
380 308
164 889
669 952
13 588
30 570
659 38
683 220
425 252
209 597
657 953
719 328
237 383
95 97
153 746
299 612
598 152
856 295
892 445
571 780
471 802
536 633
313 704
557 989
190 670
467 375
784 595
970 354
992 662
526 578
683 523
87 995
787 537
965 968
293 730
705 352
838 78
10 653
526 374
412 594
988 497
990 131
24 902
153 806
559 490
817 609
583 594
46 394
88 444
344 428
571 313
98 621
482 652
874 154
712 753
162 270
549 482
24 723
881 895
73 266
115 131
36 134
860 255
128 160
664 786
612 584
407 408
177 693
875 538
825 769
115 903
275 288
186 333
659 390
642 584
901 717
258 833
336 97
544 966
360 103
694 924
734 857
509 602
57 73
816 810
13 654
621 697
472 976
989 833
646 162
100 248
564 303
203 241
403 275
33 831
27 399
635 210
194 404
568 153
787 121
331 21
925 283
602 440
926 657
133 440
778 559
321 904
13 850
17 407
991 415
313 732
387 37
668 82
815 173
469 481
667 106
484 681
123 610
876 92
400 199
75 967
774 937
499 531
799 526
835 961
201 957
629 421
878 377
642 454
715 644
330 362
59 184
940 743
447 561
567 768
163 70
993 847
906 546
847 156
474 646
162 274
757 291
941 92
779 385
699 86
519 323
898 416
167 869
336 303
63 852
375 966
926 466
568 459
604 216
48 208
906 226
314 282
243 368
577 168
403 224
884 495
78 418
157 81
267 561
808 951
81 287
209 354
137 29
191 214
599 53
268 881
677 667
215 716
700 876
937 614
997 362
485 582
138 285
683 151
282 548
393 325
947 810
752 434
894 845
735 331
60 465
670 546
27 137
691 350
539 274
815 65
84 189
691 463
486 761
896 997
933 54
809 120
230 609
888 543
649 967
193 451
127 78
323 43
31 884
605 271
145 753
112 364
363 128
991 550
549 344
554 750
224 133
391 253
84 881
712 698
175 538
223 946
172 492
653 379
340 586
987 401
434 563
552 338
36 323
681 626
295 502
443 323
979 885
618 223
374 889
824 818
642 895
385 206
461 91
779 58
162 24
916 241
827 278
759 979
906 907
949 887
694 269
295 165
767 673
327 724
958 846
881 323
972 926
720 207
760 576
318 120
835 174
907 525
360 206
950 621
19 61
4 815
208 898
617 490
511 180
19 170
238 802
477 570
132 139
8 441
446 367
859 466
38 85
938 975
886 777
852 905
511 339
468 914
394 797
808 495
381 923
899 824
147 703
776 9
153 702
668 107
706 466
264 353
175 21
503 616
964 910
749 400
350 557
705 234
9 563
344 190
71 309
737 697
301 401
956 925
353 176
796 886
1000 969
303 806
72 520
1 540
505 270
724 16
690 160
417 716
701 800
297 554
226 384
118 658
984 748
865 63
318 879
102 134
524 61
543 227
927 64
966 750
492 949
182 153
663 714
405 182
723 423
266 236
380 770
128 197
936 572
884 146
29 667
410 655
394 8
196 252
208 918
113 522
366 196
674 818
872 713
657 266
604 128
287 596
698 461
494 104
833 674
251 885
609 623
332 210
281 692
945 621
360 155
769 671
972 898
114 406
422 423
958 245
723 991
691 986
512 167
366 256
351 468
958 68
323 345
259 655
706 20
523 630
85 73
363 411
201 580
723 715
464 550
543 776
762 296
781 558
616 424
688 789
230 600
856 471
175 41
568 331
87 781
735 929
620 487
456 628
934 921
884 540
210 703
553 187
183 784
184 690
995 746
814 178
836 558
679 828
1 959
558 183
870 837
547 418
98 140
679 909
813 411
652 31
121 315
966 699
895 355
110 681
366 535
721 516
258 282
443 277
745 398
633 580
638 195
694 337
676 996
551 760
257 82
557 39
431 846
950 126
642 807
845 876
537 11
591 376
698 882
775 1
334 211
7 155
141 849
402 595
383 770
890 998
851 596
786 749
396 865
642 585
55 572
171 35
949 208
398 334
660 37
336 197
63 102
854 343
748 686
604 906
436 52
798 894
929 399
184 52
927 140
39 334
441 715
483 64
726 12
125 651
152 897
696 62
682 497
188 362
743 728
531 236
491 475
936 380
507 628
701 164
834 327
18 888
717 698
403 974
813 571
316 117
688 896
883 39
70 44
994 240
957 508
527 574
326 213
532 992
323 25
274 648
192 297
999 246
766 711
658 970
698 623
936 184
168 322
686 4
254 10
158 716
294 394
898 159
202 560
210 231
513 380
551 668
435 906
55 461
147 211
987 974
488 876
620 685
436 724
474 259
591 348
261 495
290 401
383 806
756 268
793 318
43 171
81 124
320 790
872 257
124 438
881 725
670 26
829 877
940 64
622 564
261 129
389 476
380 159
272 906
96 718
412 592
158 426
750 64
968 886
845 340
593 507
728 994
63 491
817 755
378 283
584 706
434 473
694 667
18 152
237 36
954 572
479 123
29 312
695 871
494 604
958 495
597 309
480 4
660 49
235 668
695 916
517 404
758 360
425 68
463 900
655 314
829 499
706 382
602 703
625 374
572 347
519 828
39 950
804 898
761 278
464 780
13 87
987 980
14 720
144 853
506 777
37 290
754 820
266 516
13 313
804 4
788 897
266 567
923 446
49 397
286 466
931 923
608 892
720 870
936 803
721 563
67 705
84 737
486 149
159 241
676 941
325 281
935 592
93 877
791 492
45 138
525 640
533 149
419 301
239 180
404 95
499 219
262 149
857 633
46 524
86 585
50 755
663 903
422 8
137 717
907 465
103 634
507 341
994 833
521 599
168 777
996 311
450 143
380 76
695 391
823 754
96 635
543 723
711 621
507 435
113 984
384 720
100 34
804 816
524 87
105 396
214 62
587 560
398 433
735 392
989 904
26 864
389 210
998 862
51 463
549 628
363 545
164 726
751 882
916 677
964 672
43 851
800 950
714 516
184 347
863 485
556 531
207 577
924 111
853 191
212 297
436 433
592 327
222 390
812 820
14 140
231 460
786 411
197 852
511 940
331 314
995 787
908 906
726 641
710 378
550 467
734 396
938 625
895 155
255 56
827 939
554 929
866 911
297 408
691 709
780 291
213 532
804 425
589 941
861 136
776 869
406 133
435 89
642 399
537 355
240 557
684 534
667 992
137 813
762 430
214 845
253 809
163 1
1 174
55 492
405 68
577 531
106 93
471 199
276 471
945 928
837 338
585 393
533 169
864 208
634 966
42 519
138 50
287 599
842 794
293 918
927 200
849 46
476 615
466 758
786 537
615 275
454 683
39 71
665 684
565 907
843 729
402 929
838 728
223 267
963 832
692 258
17 766
53 200
555 122
597 395
714 681
197 537
481 306
806 137
899 633
347 596
393 412
51 344
269 238
937 351
133 322
145 32
174 662
359 686
913 230
280 672
571 782
273 71
494 647
902 670
744 766
818 861
691 409
855 666
507 520
516 20
687 77
670 789
892 669
986 726
692 821
978 550
425 702
559 7
338 393
980 40
130 413
404 620
724 53
926 937
504 208
801 804
197 83
992 869
80 915
814 34
488 708
805 997
555 990
774 636
619 901
328 252
167 541
358 577
888 20
797 934
263 14
600 392
837 421
841 930
660 482
42 985
519 345
116 234
779 500
47 403
478 335
128 162
578 934
870 390
340 865
115 419
613 352
952 521
660 183
555 299
688 136
392 341
416 331
18 403
935 92
243 436
906 162
835 216
48 646
802 499
622 240
345 324
683 28
612 398
705 740
547 731
553 568
179 853
43 778
687 557
993 764
517 46
691 727
549 669
821 477
398 139
22 631
973 557
468 971
164 44
938 667
580 948
901 701
838 650
430 395
500 459
822 776
126 389
224 413
188 56
600 40
636 702
452 741
852 401
733 276
291 801
383 399
274 945
886 306
747 88
58 655
439 30
429 100
654 551
362 25
839 537
693 730
900 931
597 551
840 292
126 65
607 658
428 957
380 289
390 115
104 654
379 532
769 26
376 994
752 921
666 255
347 163
699 822
721 914
760 840
12 743
987 115
471 322
593 216
521 395
140 139
760 695
744 348
270 374
937 731
755 380
976 127
685 537
428 518
782 461
52 170
234 821
675 300
632 608
248 917
191 289
165 326
275 250
425 169
344 279
147 245
591 945
1000 674
13 995
161 592
365 272
832 491
930 772
862 219
921 683
174 825
467 305
417 964
549 915
566 787
658 781
217 459
60 23
600 4
430 129
457 37
735 670
424 340
400 435
577 276
80 972
118 692
412 779
767 9
435 602
609 187
617 592
245 319
239 346
305 122
514 110
58 274
277 244
116 12
102 107
747 354
830 225
993 806
153 431
157 463
125 443
419 300
101 178
730 546
747 384
675 255
631 53
738 837
985 912
124 356
803 259
829 799
521 598
59 755
236 198
925 236
564 604
547 774
8 226
941 514
600 956
915 155
110 13
220 981
39 51
224 880
228 504
194 77
821 77
713 844
290 519
475 513
919 720
591 887
540 747
50 763
928 141
179 261
389 630
256 522
919 577
815 400
835 730
964 746
624 651
566 546
74 676
702 34
13 775
450 739
899 826
661 839
588 770
14 403
236 103
437 244
602 227
654 909
175 132
487 182
472 373
951 615
244 921
173 483
620 12
681 400
649 626
786 682
2 524
16 49
783 667
92 324
311 234
315 239
494 782
305 21
680 231
347 443
318 37
505 702
859 539
435 807
793 953
449 883
107 687
950 225
112 711
685 12
287 589
750 594
314 254
133 602
244 371
727 358
802 155
698 180
882 461
185 139
556 142
983 3
634 822
447 15
253 364
695 373
590 85
404 338
595 577
707 155
212 795
