1000 9911
345 510
74 772
935 443
941 614
545 453
953 104
510 839
740 160
565 59
346 835
419 917
183 796
762 587
809 213
268 906
749 637
311 868
26 756
959 868
799 979
263 941
855 951
126 829
821 835
700 628
4 178
423 696
230 606
236 685
378 933
804 665
866 78
50 387
14 286
37 135
188 21
210 701
763 427
303 708
788 868
698 301
594 599
353 67
582 957
173 344
709 294
766 681
468 372
862 348
921 348
832 927
886 326
870 891
373 305
619 57
736 403
665 884
73 45
856 294
420 326
295 602
885 150
157 661
253 204
755 694
167 540
957 922
923 534
484 480
232 601
966 712
751 418
182 123
864 14
494 188
975 298
98 842
637 279
361 4
197 918
298 767
542 794
279 848
379 504
430 740
31 180
461 242
46 948
855 422
911 496
493 289
21 378
833 652
206 702
545 368
484 36
391 536
855 23
677 787
164 954
788 220
347 356
683 398
816 813
449 308
544 468
603 87
118 541
393 510
114 440
501 584
319 859
725 769
125 536
4 993
833 351
800 896
854 55
273 768
225 294
14 41
79 135
458 159
575 328
977 681
304 873
50 325
948 350
416 871
424 402
921 126
89 266
903 186
536 711
799 634
107 154
605 439
435 419
56 160
562 458
301 374
932 317
156 543
415 498
813 731
488 658
487 476
422 871
198 478
461 705
23 862
943 281
129 431
496 960
281 357
121 469
993 793
922 279
120 155
590 832
37 832
242 722
958 740
288 241
689 123
509 936
127 602
759 968
116 894
210 263
484 250
142 608
721 913
865 521
228 231
979 553
142 531
845 112
663 835
815 808
137 433
11 472
806 613
228 871
829 988
78 464
103 903
555 52
441 884
830 510
423 828
947 702
661 16
77 697
759 445
236 829
131 135
520 315
672 396
836 13
912 709
195 963
585 701
751 574
385 221
863 16
134 403
609 378
563 364
526 96
32 228
251 488
363 242
364 73
700 659
853 507
235 956
655 566
326 21
98 112
439 302
323 57
204 625
745 895
445 377
948 592
992 960
899 12
442 481
258 987
121 832
253 545
948 711
329 17
761 118
634 492
75 706
684 556
84 892
33 998
654 191
182 257
148 401
847 17
261 670
867 719
488 940
470 524
343 374
24 270
117 502
428 16
563 631
125 442
332 628
634 928
945 779
347 17
935 688
756 499
794 720
258 842
366 124
640 246
215 30
971 740
730 833
650 88
738 821
759 605
834 692
284 661
640 101
773 311
556 969
856 787
566 150
588 506
471 726
702 374
152 686
975 806
858 80
825 137
720 81
464 287
596 220
762 679
544 350
696 9
234 968
56 424
477 680
578 117
209 766
709 781
341 393
714 917
551 266
863 116
810 128
154 20
800 150
490 387
420 879
294 640
316 72
762 1000
209 920
126 627
808 240
40 154
539 96
359 109
762 91
11 523
726 758
451 704
736 626
871 476
630 82
199 370
615 778
947 372
527 270
434 865
128 668
454 356
37 505
460 973
46 114
310 295
221 152
278 833
280 674
125 380
257 218
116 97
188 950
448 683
413 983
819 588
417 412
534 481
591 240
484 348
776 524
205 486
486 401
345 547
938 148
756 471
663 933
962 594
599 811
151 577
381 764
197 723
806 707
989 71
494 111
263 488
46 776
160 951
752 817
345 509
398 369
592 842
557 388
320 653
800 647
970 624
820 842
588 286
467 831
911 34
719 73
422 53
83 783
579 882
506 394
715 548
912 860
769 958
773 94
676 919
74 729
751 513
387 188
316 782
8 39
598 156
330 863
52 816
146 205
917 869
293 155
415 168
779 844
636 549
89 350
307 275
594 709
61 848
1 526
305 248
559 1
548 140
838 56
586 417
54 587
229 291
598 600
657 394
865 239
168 361
480 75
157 91
900 127
254 493
606 838
290 169
835 639
192 494
374 922
36 311
811 763
885 262
558 404
983 921
106 447
894 44
107 650
896 690
929 453
949 906
150 389
401 876
935 747
862 921
721 795
958 600
542 795
466 950
621 770
983 255
471 459
531 189
681 873
706 844
680 513
894 665
417 11
443 416
404 375
440 720
81 422
686 645
526 734
492 600
536 110
755 354
134 315
322 59
33 52
345 330
937 526
8 278
651 764
905 400
730 95
307 770
316 972
119 57
503 158
216 328
971 232
226 801
857 193
36 546
610 923
717 597
574 38
833 120
190 815
598 184
418 155
680 725
582 885
602 727
922 702
419 430
134 790
13 223
979 432
265 982
912 279
361 978
832 222
597 850
396 215
508 863
163 364
831 933
478 407
830 712
390 565
562 90
747 90
281 106
28 158
672 597
948 770
788 607
477 374
407 623
945 12
675 79
505 629
288 989
793 112
766 55
228 898
581 898
927 170
586 1000
346 341
94 812
333 121
135 529
742 159
466 922
884 324
206 872
462 662
388 662
813 600
842 848
650 74
539 908
692 910
962 269
726 466
210 521
894 516
933 668
720 231
350 550
42 511
557 460
194 210
945 574
960 105
938 181
904 381
8 306
137 146
895 735
789 634
872 192
584 596
531 47
716 81
773 918
623 241
389 925
52 889
518 77
557 912
602 267
99 85
71 188
130 654
166 336
927 556
338 557
9 539
174 831
247 927
583 33
767 324
490 752
550 426
992 594
227 723
47 420
658 779
342 736
365 705
314 565
866 998
919 80
957 285
524 672
46 228
641 964
325 83
526 557
374 558
633 99
534 248
183 970
975 816
633 51
430 865
482 625
573 297
239 467
595 107
547 204
31 39
407 15
741 654
776 798
483 658
559 637
876 663
510 365
694 728
721 722
333 140
408 29
210 345
512 659
949 962
128 108
954 407
646 802
635 741
855 504
401 709
854 416
320 544
874 325
376 623
730 834
125 780
769 262
963 984
211 799
968 930
532 35
492 416
418 479
151 440
1000 83
33 840
950 609
517 834
118 409
635 801
123 117
506 375
108 743
41 298
556 639
133 218
118 264
528 820
946 543
798 708
105 659
839 488
640 674
971 176
517 100
192 678
192 825
449 142
587 480
53 516
403 557
904 966
902 689
373 999
959 544
285 721
143 567
934 230
496 510
154 284
562 689
502 292
911 562
18 703
903 642
67 675
871 270
969 258
878 946
847 289
232 818
212 232
196 661
931 858
612 138
940 683
135 843
942 169
767 188
685 249
758 297
103 292
694 329
676 972
698 772
185 943
332 522
354 974
937 186
182 12
612 593
214 413
293 770
2 593
558 272
849 146
557 225
488 54
52 479
894 354
427 85
883 236
473 311
77 909
872 491
282 970
12 824
369 87
962 228
802 349
965 567
542 572
697 113
403 506
269 327
705 654
977 929
137 170
341 74
329 690
735 382
313 489
739 115
298 383
541 209
873 737
344 465
930 616
329 515
830 145
981 11
33 343
985 72
161 542
933 232
146 202
937 237
670 649
23 433
982 687
558 622
580 994
643 172
41 68
644 883
689 606
961 785
121 108
729 365
842 734
568 685
418 556
2 175
349 4
25 374
728 947
837 255
219 568
365 794
978 327
796 628
433 122
589 735
2 332
115 872
679 522
541 936
159 37
714 300
442 519
721 632
676 572
410 461
429 287
486 336
693 265
150 411
614 92
906 877
858 546
750 620
346 382
699 190
177 680
180 761
626 921
250 280
937 962
537 184
959 369
309 12
609 542
150 852
835 76
103 780
694 913
860 393
937 764
939 26
119 282
963 912
790 963
11 592
668 491
885 923
800 787
964 526
907 895
882 947
321 97
268 936
765 614
57 927
459 991
276 767
449 197
333 352
368 19
259 324
207 570
338 695
10 767
875 484
308 703
94 136
541 471
454 369
537 796
221 283
317 808
320 742
292 506
443 894
465 986
118 828
781 42
343 921
37 266
349 104
830 713
743 152
410 156
339 46
965 942
624 224
555 942
421 572
426 854
245 344
200 624
32 757
816 417
390 738
139 212
529 972
441 476
446 464
909 569
487 525
400 535
719 870
759 853
261 602
870 470
157 409
476 72
984 885
748 349
442 200
465 64
194 926
945 894
33 260
930 10
717 466
129 873
497 887
59 744
745 25
209 473
987 116
543 763
453 961
155 567
66 486
506 737
824 198
243 514
352 16
997 405
783 46
200 719
596 665
617 386
781 569
635 229
730 163
859 461
442 939
324 795
388 437
1000 677
229 604
26 605
388 324
285 716
184 417
277 716
511 5
614 766
236 284
210 643
304 452
371 428
758 808
961 586
176 654
588 525
966 485
325 483
822 259
292 252
149 853
22 461
336 964
499 272
712 703
417 517
749 892
220 78
703 323
97 509
105 855
12 322
417 502
913 521
805 523
111 788
383 531
817 117
709 175
603 676
250 836
861 356
963 300
376 914
725 418
646 694
788 449
822 473
591 316
542 848
779 142
138 26
747 530
96 384
404 441
674 43
696 719
713 535
920 919
314 224
977 154
941 639
502 607
618 668
73 769
238 197
260 303
464 386
891 301
764 21
164 835
475 514
961 351
445 870
855 831
471 566
130 990
959 845
908 721
279 230
484 675
195 528
136 450
908 672
543 787
255 473
895 976
26 433
597 70
947 43
325 899
459 709
151 11
725 226
391 425
190 588
678 363
991 752
631 649
465 546
122 398
822 614
765 372
589 937
400 915
44 482
814 10
895 777
115 911
372 102
64 351
984 608
897 895
755 735
442 84
558 126
56 718
608 907
245 783
21 16
752 46
116 146
193 927
965 297
435 966
2 703
42 624
225 558
810 496
915 621
833 820
201 963
891 702
641 141
475 979
495 284
898 705
693 337
786 533
637 460
860 422
845 54
388 841
122 535
546 117
820 852
752 642
220 948
593 438
422 472
351 322
981 839
543 576
360 815
18 333
645 521
422 43
647 550
961 315
890 387
691 590
213 414
790 774
294 113
652 867
744 964
446 268
543 870
216 285
19 314
627 529
41 848
922 553
118 132
881 676
911 883
435 170
19 427
402 353
792 745
481 312
8 184
890 212
49 540
919 181
120 599
890 71
676 478
326 83
572 287
421 293
293 729
889 389
302 24
602 994
697 782
202 468
644 771
520 420
136 570
965 63
749 546
92 299
588 608
19 871
629 124
577 721
488 712
197 224
257 139
478 731
392 910
177 124
766 398
508 394
714 301
93 800
21 195
957 919
82 51
46 366
419 988
180 932
797 52
2 784
793 11
488 885
185 827
784 23
542 793
626 918
533 58
609 684
556 109
974 484
81 618
802 45
566 50
768 101
901 311
545 373
565 890
843 616
631 457
511 711
940 385
299 267
32 398
765 756
603 217
683 161
665 901
655 678
247 230
468 753
43 873
875 871
706 117
711 228
948 170
809 868
973 553
939 473
355 238
527 246
491 478
278 831
166 298
443 659
378 964
584 871
469 491
93 303
725 154
818 972
529 391
398 600
78 824
918 275
227 518
230 347
159 232
663 69
151 273
283 665
927 336
954 314
780 118
182 312
20 707
37 619
849 541
352 19
336 616
228 686
528 118
547 210
81 964
803 13
456 177
632 57
546 505
582 475
766 132
290 821
76 584
37 990
332 930
870 422
142 615
141 880
533 94
312 334
367 168
977 44
741 475
617 69
48 376
259 809
877 523
369 316
186 730
656 918
271 39
897 412
740 148
99 740
281 887
639 998
87 287
215 714
939 551
610 744
476 598
427 442
691 537
692 454
216 439
969 863
755 414
938 815
136 88
673 407
913 384
878 344
806 213
442 936
189 205
908 701
284 231
161 596
18 951
626 20
19 483
847 553
98 120
120 544
482 155
63 839
805 101
631 823
373 35
601 448
966 56
2 229
455 573
205 810
781 77
984 359
748 384
969 501
975 192
255 144
441 16
168 148
40 366
222 634
480 117
593 69
822 677
185 544
258 300
280 780
172 490
410 403
504 490
328 56
515 364
96 52
267 956
634 572
802 768
231 734
327 799
951 225
78 119
603 724
931 333
521 713
445 673
64 816
546 140
362 573
589 298
773 419
171 465
321 492
751 27
232 193
105 341
752 776
346 73
295 48
700 497
546 110
360 165
664 413
811 30
996 18
657 692
119 114
569 145
175 210
881 423
41 296
78 717
317 427
892 289
469 208
199 75
331 211
574 109
242 490
834 230
583 993
820 437
469 321
648 126
425 939
652 606
156 600
473 951
257 738
351 946
407 124
190 628
696 473
571 711
398 609
115 707
409 328
1000 975
141 129
400 5
361 701
259 202
527 637
35 275
184 779
866 891
690 45
931 168
586 106
647 664
990 638
886 368
923 401
546 748
151 628
444 555
618 170
746 999
943 707
289 750
343 279
805 558
556 356
519 385
334 249
870 415
51 965
343 117
917 198
578 974
225 670
10 98
673 930
267 913
713 417
785 988
755 26
778 111
981 612
11 404
802 121
159 532
597 353
642 750
483 332
319 978
195 320
879 234
204 18
756 615
980 364
977 790
446 467
431 357
236 599
532 176
989 999
190 980
856 528
767 164
308 391
40 573
402 188
848 148
99 26
598 32
551 461
915 262
334 818
958 424
299 605
50 349
14 448
553 370
626 360
184 491
207 465
687 987
823 45
191 680
675 803
813 60
772 187
510 248
120 600
246 232
943 50
982 540
580 613
253 244
540 318
944 927
442 120
102 491
598 492
430 82
116 307
740 853
121 227
325 604
840 559
396 501
415 427
184 807
271 560
135 792
582 67
286 412
844 813
83 136
232 718
159 39
641 300
456 54
336 540
617 701
120 131
106 442
380 717
396 682
353 515
137 558
618 17
466 802
604 92
487 632
346 380
533 200
238 326
310 211
760 962
617 991
29 889
219 23
681 878
557 936
8 940
778 176
712 180
696 537
894 668
560 504
981 632
671 476
711 675
582 809
553 769
950 269
571 103
241 221
962 343
104 83
657 739
180 392
687 92
664 469
600 752
378 257
911 3
74 518
535 887
613 630
136 189
378 368
180 174
458 264
557 792
655 719
218 392
238 591
648 167
723 749
621 746
305 516
456 952
646 813
610 777
648 54
79 766
210 635
778 953
468 71
514 579
917 902
169 486
408 682
523 967
527 919
966 221
974 760
726 573
913 880
614 562
596 25
482 585
121 255
175 414
738 374
940 734
859 955
552 514
804 125
254 12
382 65
537 350
684 731
188 906
444 636
217 608
983 969
508 431
20 691
322 452
629 881
558 439
777 931
18 681
719 864
335 511
797 566
306 54
942 333
241 526
438 352
423 500
760 990
724 633
732 412
290 427
555 509
2 535
223 539
318 357
569 297
107 806
181 51
111 182
901 298
6 454
372 642
218 40
328 552
366 480
369 396
292 2
198 745
470 386
381 573
279 151
834 993
263 723
178 637
311 827
778 744
483 98
303 215
694 524
146 110
701 480
811 352
578 109
227 105
374 200
66 825
208 60
290 817
535 633
973 716
647 783
106 653
610 813
791 832
300 733
616 486
825 24
821 601
491 74
314 577
645 395
294 747
631 822
712 380
804 360
308 947
862 510
932 31
999 131
715 712
761 122
303 617
654 516
215 470
605 42
996 761
614 312
63 514
784 237
968 410
698 879
612 809
650 714
797 617
818 759
244 488
802 769
50 538
793 194
760 907
873 428
170 997
621 822
162 19
864 185
438 332
295 205
523 54
581 756
894 325
419 561
975 524
688 198
929 236
766 602
746 471
68 767
513 798
664 553
938 261
811 17
213 279
802 308
347 465
369 57
939 245
703 148
999 407
708 574
808 696
592 31
66 234
263 836
565 196
269 263
986 811
570 554
844 445
772 418
921 872
575 319
65 34
265 672
895 978
622 894
456 865
97 625
973 752
425 938
338 637
13 147
896 460
678 143
75 166
259 47
818 770
446 963
866 22
106 105
151 122
923 197
710 143
433 369
435 415
771 25
386 41
259 205
245 508
945 286
605 364
71 592
88 815
793 866
956 250
758 778
905 812
395 138
935 780
480 18
856 362
779 736
908 452
966 342
533 977
701 539
44 258
210 22
391 111
28 939
33 631
22 614
703 534
860 36
44 145
428 240
139 111
858 589
456 249
902 280
243 19
742 203
101 209
514 749
732 469
205 115
6 108
778 157
63 149
779 172
802 7
363 967
586 702
665 261
663 790
759 573
319 76
727 67
216 675
364 555
921 789
613 40
690 679
693 192
473 421
369 84
691 547
32 356
360 785
180 36
401 337
203 205
989 998
617 463
270 77
843 829
773 90
691 705
854 159
807 598
721 891
754 291
630 502
705 941
890 355
502 101
790 614
517 470
198 253
113 395
313 825
689 706
616 574
890 69
249 187
430 480
72 732
17 205
326 81
112 115
370 929
575 902
463 152
407 99
451 672
735 844
296 915
760 408
867 476
245 464
75 561
370 643
248 219
885 228
31 218
936 650
822 755
861 23
224 68
353 800
887 807
358 51
667 112
842 356
428 69
290 162
898 293
115 139
410 635
394 68
893 904
140 672
894 419
203 732
257 452
113 641
647 51
248 477
106 349
470 810
396 905
276 215
172 864
603 396
363 931
954 862
264 646
726 458
393 998
266 380
712 260
15 347
4 712
42 263
313 473
34 867
610 706
664 470
432 682
345 255
273 874
113 107
243 728
95 461
391 635
751 688
830 560
226 829
597 282
925 275
751 545
899 1000
23 288
481 745
522 577
265 760
181 931
843 7
821 202
848 927
339 868
122 610
288 422
883 867
826 938
204 586
61 207
154 339
835 824
250 248
487 245
911 631
296 443
965 794
884 750
407 645
508 714
595 482
957 727
339 160
549 317
970 834
864 449
746 710
337 455
586 818
720 768
936 989
520 668
888 54
854 863
287 870
401 947
261 583
176 33
584 190
233 16
31 193
152 10
863 311
854 569
671 157
786 697
15 118
84 875
566 28
219 483
370 77
336 69
824 974
301 761
789 603
200 532
243 406
262 748
526 553
655 847
32 449
990 602
275 147
762 541
717 787
659 946
251 16
974 788
955 866
61 815
708 618
454 806
420 914
847 789
422 192
208 700
565 272
715 143
296 303
207 539
463 909
134 871
364 843
156 811
361 847
330 698
933 173
374 491
912 472
783 495
3 561
424 2
230 746
196 558
639 282
35 488
603 529
900 728
114 895
119 825
852 49
283 758
287 262
568 616
400 938
257 983
352 467
188 841
335 10
231 101
990 466
311 646
996 875
944 646
871 85
653 226
512 986
561 387
67 710
233 210
328 58
291 398
774 457
685 34
51 150
814 830
715 791
864 203
618 62
271 627
86 576
324 477
586 520
438 333
129 94
560 163
798 253
716 606
20 37
209 164
51 649
877 749
261 585
271 916
539 876
150 787
854 546
964 419
786 959
750 500
898 849
846 907
350 75
319 777
609 827
260 441
302 724
29 356
57 631
969 889
843 784
327 387
622 722
243 656
407 299
579 810
284 86
123 486
260 223
578 78
853 184
748 998
701 372
334 839
703 474
874 856
415 514
438 673
956 806
942 753
343 892
839 155
252 791
515 865
164 145
938 632
687 39
247 748
340 434
857 840
785 219
559 473
451 596
865 198
922 7
245 364
945 366
528 402
68 491
31 225
303 524
452 842
870 800
988 187
880 532
789 326
337 271
125 488
253 147
970 749
224 903
114 179
862 934
77 214
868 551
794 654
443 468
746 135
86 620
950 5
827 330
171 430
104 859
342 398
177 529
604 152
54 377
938 452
336 126
561 875
926 189
674 74
108 914
761 968
191 129
263 628
402 920
664 507
294 138
243 590
264 969
856 611
695 646
38 143
494 317
554 441
645 14
562 924
458 357
956 740
79 631
815 291
605 275
621 16
970 280
97 924
919 321
857 906
514 637
438 653
240 900
41 181
596 289
45 613
64 482
507 766
874 479
624 105
153 230
201 904
628 609
793 716
631 622
317 994
912 206
490 470
491 819
480 64
73 471
909 231
645 885
392 945
747 147
894 198
625 883
374 782
585 477
825 558
399 583
917 6
315 348
124 708
34 188
901 530
633 442
391 880
582 525
497 847
281 638
927 979
570 60
788 107
494 12
778 1
617 255
986 428
588 424
290 359
656 687
830 373
668 624
738 465
369 119
872 90
412 37
363 593
548 841
384 526
30 574
613 813
427 480
47 843
584 573
24 929
487 363
164 533
56 502
132 75
981 385
322 329
218 406
19 347
518 643
79 587
977 675
9 990
936 356
683 977
482 242
728 198
394 940
327 71
678 212
112 155
978 626
10 928
136 763
304 589
235 103
217 496
92 740
23 118
575 933
653 27
649 740
958 511
166 666
746 648
728 915
267 305
343 522
400 990
220 247
718 626
41 988
336 988
98 663
524 927
27 657
470 651
827 182
420 352
115 840
444 638
852 355
504 465
96 43
258 694
667 606
319 451
693 722
760 66
456 163
711 840
358 184
138 403
485 56
713 93
197 628
492 772
937 913
901 630
439 987
522 484
232 345
693 500
930 6
536 433
8 586
261 376
444 930
747 699
324 664
701 354
461 353
158 259
752 894
803 586
588 460
950 751
717 48
322 24
33 235
345 169
109 448
682 808
748 537
191 839
679 197
611 275
910 214
247 199
873 556
498 678
593 669
958 407
105 843
70 727
363 347
92 827
512 332
5 328
227 504
544 22
504 595
691 425
268 686
239 949
610 811
593 938
120 547
144 883
640 872
643 347
383 74
311 505
477 913
120 658
374 283
991 664
928 711
466 277
909 149
993 492
724 337
524 812
249 844
620 197
92 494
954 497
611 538
478 519
791 410
763 695
242 526
408 324
12 382
529 940
768 740
325 257
491 537
426 616
146 601
581 697
250 832
720 636
629 964
797 536
998 187
266 64
620 649
750 552
107 998
751 337
447 796
498 473
789 997
257 605
673 884
11 479
251 864
197 650
76 333
973 217
785 903
850 676
890 649
601 730
160 784
472 994
824 375
454 726
648 549
647 681
261 126
602 180
591 892
995 351
338 966
579 156
85 203
251 63
14 201
450 220
916 685
918 823
245 489
269 261
622 909
145 255
437 639
518 696
260 216
298 279
127 46
801 468
479 892
166 230
938 839
799 794
970 372
682 320
562 682
563 255
290 712
602 667
70 989
718 793
442 540
263 413
639 164
601 289
766 316
822 971
533 652
183 775
735 874
314 722
352 257
98 381
405 362
353 937
913 719
993 18
720 939
701 680
79 244
908 454
253 801
88 834
385 7
841 910
862 532
78 39
334 77
82 474
871 862
225 163
290 15
328 934
662 287
223 703
974 29
280 9
747 921
858 506
713 469
586 557
370 765
24 14
453 136
679 52
441 107
719 632
778 106
564 575
91 231
989 706
502 892
25 533
308 448
447 234
52 250
823 607
479 133
946 730
88 526
327 465
644 405
220 807
735 322
810 788
494 463
995 134
695 723
803 864
955 941
613 665
463 550
782 174
507 802
735 138
421 126
338 716
999 513
321 954
782 89
913 88
554 216
169 126
207 466
227 55
653 788
247 941
624 908
607 93
256 954
369 615
351 915
889 280
579 692
249 185
835 862
280 833
568 707
1 227
933 501
718 885
311 289
716 256
110 948
112 682
255 196
735 846
3 129
796 962
37 161
533 529
182 417
25 490
245 335
504 71
432 292
433 125
715 611
185 748
644 557
538 40
866 653
577 582
326 531
116 67
798 393
525 367
893 789
417 434
200 62
509 44
771 563
976 591
297 952
475 903
765 219
766 108
532 105
692 546
620 623
816 119
724 608
48 449
603 273
617 109
524 399
980 825
341 565
413 72
198 998
806 737
399 149
683 374
225 808
466 722
744 676
498 195
290 25
122 248
502 667
412 183
734 982
476 994
555 193
422 504
152 748
997 380
601 899
731 256
881 403
419 950
284 104
731 689
626 425
882 831
994 325
497 283
498 564
134 750
337 18
817 936
394 843
275 236
716 186
791 712
631 9
282 1000
445 396
266 30
140 510
359 714
493 640
999 954
981 155
969 739
421 372
848 544
978 627
300 651
136 764
412 537
153 927
939 776
875 150
838 30
662 808
476 251
187 392
6 716
512 833
721 523
73 97
440 860
271 537
128 969
349 261
571 729
945 6
55 87
19 373
984 971
548 244
73 300
435 917
457 589
683 695
375 555
160 696
419 393
722 210
798 135
103 585
803 367
876 847
647 422
634 873
447 76
719 252
453 827
681 439
243 491
25 604
419 744
483 278
988 599
954 739
574 648
855 161
87 283
289 320
388 156
83 860
178 632
398 77
825 231
192 676
651 623
639 704
251 131
161 767
866 444
665 831
189 201
249 422
502 48
892 392
551 287
94 222
868 481
924 435
87 863
897 405
610 808
38 257
187 601
204 537
904 959
689 703
635 327
31 600
911 170
568 268
519 823
903 660
649 973
227 729
529 103
748 109
287 371
382 823
761 114
630 73
779 539
562 489
140 87
514 324
988 435
456 260
288 967
409 146
322 897
127 854
475 401
628 713
650 919
559 293
796 697
391 247
956 311
25 83
297 726
617 745
817 31
11 928
927 86
802 721
418 930
349 666
238 160
724 180
710 765
380 752
551 699
550 842
872 584
780 971
343 109
309 429
841 830
6 135
779 133
786 667
739 649
670 57
474 14
4 755
25 568
744 74
195 360
158 380
786 957
807 81
726 355
178 653
617 872
203 802
935 237
901 45
270 116
808 699
610 635
256 514
750 224
117 601
552 423
940 857
218 476
352 966
260 217
647 991
706 441
355 221
543 798
217 156
643 408
570 664
795 245
584 852
342 548
790 456
368 175
938 727
499 951
601 439
250 207
676 423
112 164
533 651
199 651
148 751
554 918
740 957
746 702
270 837
689 21
382 162
148 606
610 385
6 660
675 327
219 579
550 517
849 712
810 862
50 987
72 895
223 920
847 242
927 74
841 909
163 153
736 181
774 427
984 988
779 451
84 637
56 578
110 501
792 596
716 985
940 86
46 561
864 856
21 509
668 840
7 830
137 603
102 760
747 757
197 732
848 332
186 303
320 789
820 930
198 778
534 548
593 24
276 796
705 614
388 822
280 343
321 381
39 53
433 923
233 665
677 712
242 791
418 509
21 576
705 535
951 904
212 513
627 758
220 800
39 348
96 894
373 562
635 195
212 624
949 967
166 33
316 918
264 41
11 168
47 806
907 769
568 119
476 684
912 419
356 518
503 465
910 19
852 609
645 302
696 266
675 948
434 986
252 821
465 170
694 742
754 659
520 167
928 718
832 201
46 183
563 75
31 929
583 372
508 818
288 635
704 703
610 50
775 550
705 494
390 576
222 935
708 95
44 451
581 228
927 264
268 187
919 888
737 46
978 464
233 287
159 35
941 109
410 471
164 135
219 845
79 489
968 36
22 813
957 884
483 545
581 824
345 512
417 147
141 677
209 81
980 826
803 707
293 945
349 789
261 147
703 867
57 86
789 653
316 741
208 38
416 179
447 256
700 835
384 657
388 185
706 172
359 918
232 4
968 591
882 941
26 246
369 198
722 841
262 545
356 452
801 177
695 789
40 541
494 590
170 384
907 813
565 313
970 427
570 737
424 267
5 338
78 952
544 12
619 576
549 789
786 73
326 406
164 501
112 14
990 953
376 404
60 294
614 837
634 143
230 626
545 918
623 725
795 371
278 196
874 545
111 307
231 156
200 736
610 103
149 601
520 835
95 509
809 77
466 303
301 946
583 344
16 482
842 82
74 184
850 457
995 560
488 317
468 400
399 790
848 104
754 921
106 248
215 462
487 293
126 255
533 933
611 625
689 175
27 512
505 638
345 977
453 486
186 163
780 95
867 808
907 193
780 849
571 60
813 151
465 41
682 722
475 112
202 792
367 70
480 682
752 914
508 248
510 602
93 594
708 145
103 729
343 174
932 985
475 798
818 348
323 322
878 144
919 854
460 89
479 847
285 130
677 513
735 414
661 487
248 926
247 80
673 57
605 958
626 123
296 500
939 282
83 972
855 902
146 106
204 213
231 320
835 486
902 573
411 114
715 128
69 980
50 1000
139 844
565 398
439 195
259 55
154 259
619 957
183 652
55 494
865 895
44 726
540 243
687 12
799 582
66 582
430 31
460 850
509 431
917 632
240 684
719 268
408 424
528 425
694 351
505 312
9 783
611 402
456 404
295 645
757 490
192 446
272 262
975 468
196 17
618 179
675 392
897 902
127 695
813 106
926 283
478 656
537 88
497 555
263 222
637 471
955 342
774 238
977 498
967 731
146 635
349 812
885 650
924 526
262 941
980 882
16 711
276 889
688 329
816 798
158 381
531 773
437 298
243 631
178 650
360 825
353 99
293 683
626 557
890 617
377 538
415 856
808 700
607 40
114 331
853 212
92 874
65 38
703 691
251 287
627 286
230 939
691 391
108 19
520 61
773 661
631 865
507 727
771 396
62 567
707 795
303 811
253 620
572 224
538 304
757 172
928 732
856 147
505 363
782 703
589 931
143 835
827 786
739 704
295 728
802 253
9 457
10 600
211 57
603 843
72 785
73 56
936 890
644 587
295 189
615 992
118 536
926 597
470 689
400 695
516 525
816 367
301 233
119 473
366 109
309 750
510 289
531 438
651 191
335 958
176 29
654 774
234 303
641 485
36 505
93 760
760 939
957 879
707 868
465 113
319 362
604 228
337 309
627 189
241 458
931 682
298 659
924 739
47 445
309 49
794 943
299 7
743 483
911 276
194 838
581 618
858 141
293 766
204 15
652 687
869 267
891 207
928 307
641 607
747 931
574 728
971 375
510 991
169 817
777 50
541 57
262 570
47 944
213 408
985 439
911 91
348 809
722 878
998 963
730 357
714 558
877 18
951 783
458 352
739 241
725 430
799 875
790 634
307 935
160 361
796 961
469 764
846 939
521 931
669 552
800 313
398 696
994 227
867 371
390 950
317 910
69 253
455 581
145 293
329 64
348 804
481 141
230 294
410 131
488 703
417 741
241 985
735 729
661 435
727 729
158 588
819 658
92 464
480 50
837 26
947 631
325 310
147 338
757 339
266 568
926 704
548 210
881 875
309 706
20 779
918 804
872 626
708 408
91 438
902 792
755 991
902 488
98 818
129 664
328 851
897 815
580 97
963 123
780 611
197 703
938 423
439 662
17 950
753 492
630 551
95 757
740 254
704 956
709 103
838 807
413 360
307 925
773 152
965 13
795 624
389 143
212 550
954 440
303 329
899 718
517 131
508 637
801 176
124 998
330 760
274 6
462 36
536 562
757 544
478 67
187 133
765 833
415 566
660 748
628 819
921 725
909 396
268 276
144 778
967 410
680 876
610 245
598 402
359 426
839 860
911 627
145 368
32 60
735 799
459 528
407 311
37 307
3 255
315 177
867 508
321 4
500 243
727 780
468 401
610 326
614 390
137 770
637 639
432 450
286 509
785 450
76 785
862 688
573 419
480 478
279 568
796 710
958 94
272 474
512 609
159 6
225 443
658 739
440 956
607 644
651 374
45 155
452 163
806 982
54 107
220 391
718 130
976 557
205 469
478 987
29 679
485 37
432 191
591 289
284 539
932 587
936 654
521 544
885 693
544 911
266 397
75 207
171 120
730 793
696 681
125 977
787 338
418 435
702 912
8 683
6 330
389 82
707 491
856 943
899 669
649 422
27 502
543 518
144 682
740 496
562 976
502 903
549 726
364 924
494 619
497 261
481 664
166 249
494 730
887 385
924 397
874 864
984 160
530 20
410 769
147 540
494 837
188 496
406 315
84 193
191 751
368 162
92 596
383 119
865 476
701 78
545 546
451 751
692 951
490 267
745 759
173 262
410 72
191 973
123 907
782 8
914 552
398 681
516 500
211 28
827 531
131 703
894 178
841 6
680 132
684 692
867 758
724 853
817 29
893 874
694 357
552 350
167 735
684 331
22 294
561 16
966 521
755 998
96 185
538 768
614 31
550 480
968 301
354 772
816 959
396 845
290 456
411 999
125 177
198 80
560 54
301 584
195 477
566 252
694 929
242 32
8 760
247 273
928 441
765 340
952 303
402 944
659 396
498 777
928 296
363 653
74 968
381 732
562 506
829 616
482 373
911 367
431 316
290 908
256 516
998 577
890 473
321 34
105 502
493 804
757 631
239 726
208 668
429 572
545 883
673 294
350 70
975 50
649 781
9 686
356 755
948 287
970 371
184 580
991 475
26 299
579 733
691 55
876 9
677 72
330 101
663 165
888 583
523 302
162 938
754 764
499 727
265 871
505 362
549 159
182 472
166 673
795 307
524 979
67 904
819 697
70 269
110 814
183 38
651 464
524 930
447 637
610 441
505 580
487 364
736 216
746 716
903 190
932 92
465 342
67 380
926 741
860 121
718 331
868 604
7 26
928 793
33 763
736 38
485 125
413 240
987 151
881 936
54 194
348 427
993 570
52 423
508 548
362 539
458 858
898 751
407 334
313 166
395 250
995 414
812 312
704 849
9 189
104 125
275 231
289 157
170 136
85 379
32 377
19 101
756 924
777 49
348 58
262 571
636 122
801 171
863 445
89 772
207 697
122 867
468 843
206 136
269 294
454 866
757 587
903 939
425 120
354 78
448 439
50 343
14 458
866 213
79 736
482 234
620 324
32 805
412 433
883 906
19 545
458 67
259 14
779 839
544 192
819 70
786 261
827 595
629 291
46 181
339 941
729 373
987 873
605 474
657 998
576 192
154 26
102 380
874 493
322 852
783 705
970 984
789 388
849 665
634 301
67 612
654 598
923 627
802 608
529 984
949 767
629 871
225 353
172 424
21 61
240 194
788 273
676 831
827 509
78 177
582 513
451 1
713 344
748 781
681 848
885 720
530 843
362 639
333 430
996 242
155 946
289 200
69 545
721 77
189 623
371 628
743 751
821 26
734 981
113 925
720 131
844 28
759 467
227 226
355 57
852 787
583 641
325 657
252 663
125 671
976 971
507 595
666 895
313 525
313 747
99 60
541 141
763 5
660 621
954 40
89 487
994 418
227 337
531 361
648 395
356 159
500 478
118 901
565 477
527 925
490 276
435 429
183 731
791 24
683 755
226 378
733 361
382 873
274 932
649 688
690 28
12 112
879 944
770 132
992 796
315 33
652 160
415 26
272 284
461 158
386 268
444 634
729 668
36 348
37 741
439 817
101 306
304 28
567 53
550 813
613 471
582 466
327 961
475 114
342 729
208 343
924 693
145 371
752 916
148 59
591 465
979 563
198 961
949 151
935 484
385 520
719 573
30 306
768 247
929 130
275 41
298 906
975 852
66 510
123 243
180 106
365 82
57 225
522 957
543 753
941 821
506 344
288 27
910 676
720 141
668 374
616 191
372 989
265 317
928 235
251 132
969 977
536 992
332 323
812 949
273 107
610 948
648 73
5 692
152 792
230 909
706 586
242 622
454 197
114 918
649 865
210 601
728 166
691 474
286 770
503 520
676 398
930 906
239 806
766 525
641 930
89 669
161 824
550 306
40 55
211 127
80 808
905 681
343 949
788 806
151 329
117 216
340 377
842 199
809 406
853 965
770 27
257 244
278 802
853 950
586 851
54 965
60 758
55 436
920 291
849 387
478 805
135 124
447 318
457 622
422 1000
651 226
870 793
742 176
798 230
158 65
803 268
716 603
437 22
510 628
169 680
711 433
462 763
837 533
380 64
454 699
608 291
384 829
60 838
115 277
356 41
780 699
217 805
270 345
468 696
613 820
760 589
47 553
527 371
220 863
994 550
836 963
687 633
190 35
928 152
240 288
847 839
409 977
701 406
878 383
950 920
700 609
331 200
995 33
905 265
263 979
69 596
975 477
658 51
821 997
990 996
799 774
108 13
571 879
695 330
942 762
302 149
575 456
809 71
339 912
343 1000
128 743
679 702
3 169
831 919
460 880
942 468
728 928
106 796
508 664
552 142
914 525
273 403
844 974
754 745
914 668
644 565
874 168
604 337
70 413
955 57
866 596
760 207
478 886
836 876
193 998
693 741
129 30
314 18
902 371
760 62
555 527
647 474
763 949
196 82
125 84
950 111
440 740
614 56
727 379
90 876
725 790
67 84
825 864
474 126
55 559
663 812
632 342
542 199
46 790
820 941
238 126
319 336
797 395
85 393
766 829
237 190
219 351
440 32
867 986
540 595
744 46
483 194
216 455
696 977
920 188
311 968
759 462
571 817
959 792
565 177
631 176
977 553
189 14
981 18
450 730
400 299
576 948
283 486
548 396
435 291
662 550
431 838
38 332
65 290
141 77
415 370
970 231
238 302
149 578
739 318
466 326
448 197
469 561
917 589
207 109
589 837
442 286
761 52
641 692
330 459
314 980
704 212
227 833
99 523
418 886
71 848
775 854
834 448
129 122
811 514
281 295
944 417
375 579
225 927
703 641
558 380
872 643
644 868
484 201
980 726
548 434
414 798
661 125
578 557
523 116
764 768
603 386
307 705
371 760
593 232
655 960
363 822
768 236
55 928
498 255
853 298
323 504
752 678
238 133
989 851
95 772
722 558
62 87
878 469
521 198
962 112
484 668
415 786
363 485
564 83
947 845
431 100
397 404
951 877
553 710
91 643
644 171
536 564
90 76
890 129
657 800
592 507
848 917
504 939
584 879
990 79
256 922
204 576
580 975
952 514
330 186
44 636
26 147
339 72
272 127
459 295
734 195
991 560
230 290
793 860
23 851
483 898
211 499
158 686
713 85
287 78
475 294
993 165
81 931
278 775
486 154
894 231
417 481
453 483
665 139
24 317
847 183
650 721
281 146
423 665
716 850
8 785
945 996
323 920
750 529
751 312
370 357
780 946
472 749
777 908
264 729
483 431
685 360
162 232
825 920
328 704
510 680
323 932
617 222
179 302
211 781
952 277
684 750
371 595
355 886
587 515
398 422
660 957
755 761
632 620
321 171
984 330
948 112
397 726
958 969
977 992
748 933
485 729
783 166
507 881
644 248
57 962
39 758
869 547
981 89
506 59
922 617
565 395
491 434
358 462
203 326
153 605
524 628
407 80
959 647
726 886
175 244
875 498
205 849
95 333
800 967
942 334
914 407
164 202
694 246
683 734
153 895
581 391
912 252
629 395
560 654
870 943
788 646
469 858
272 234
844 826
629 60
975 32
409 7
233 331
729 590
219 1000
646 623
867 760
659 784
578 68
760 35
742 87
317 16
968 16
417 382
716 886
719 845
382 709
23 714
707 909
390 75
637 468
323 116
414 93
980 186
827 292
42 532
834 536
390 218
730 729
142 587
396 847
203 619
263 147
186 279
356 91
138 146
211 952
582 729
91 719
247 275
379 155
713 751
717 207
147 346
204 486
422 437
940 434
194 12
506 266
660 849
221 869
916 315
886 633
678 853
132 734
19 184
347 583
167 464
504 662
698 189
53 409
570 565
666 948
479 467
464 552
321 977
838 670
967 62
625 35
682 442
739 39
777 326
781 310
360 760
606 277
151 227
681 226
934 796
458 45
813 997
80 759
778 888
222 173
832 225
370 183
923 218
317 871
542 148
286 654
628 523
336 891
14 552
719 237
178 273
415 76
41 543
622 846
27 971
567 862
513 91
629 129
29 587
219 869
435 928
238 509
413 68
371 94
903 201
941 406
215 209
109 117
758 713
101 218
871 938
820 648
323 80
140 522
974 401
171 420
963 128
506 989
604 150
835 90
806 574
410 947
986 466
5 166
685 708
599 2
506 703
128 287
703 32
617 295
225 610
782 401
103 960
200 673
530 731
118 499
299 440
526 922
130 955
222 333
118 354
707 582
657 827
910 23
14 456
806 100
511 998
299 994
965 525
730 386
291 978
787 953
682 289
597 978
396 143
291 931
273 348
369 747
672 358
805 182
936 59
790 202
629 466
477 69
443 989
103 916
638 384
774 734
794 40
705 403
690 457
71 706
675 680
410 416
451 340
648 993
582 357
950 616
876 578
479 229
333 249
873 476
46 742
177 341
397 663
931 188
698 145
590 995
385 256
723 318
82 330
977 637
42 748
43 189
745 43
357 469
824 470
419 718
739 709
874 328
52 308
629 218
642 714
864 582
617 370
963 922
967 962
772 700
440 61
829 573
100 239
341 131
125 556
276 530
947 735
235 529
561 709
810 45
973 591
721 510
316 950
583 784
142 238
201 530
985 178
240 87
347 941
222 75
597 5
196 930
740 384
625 324
734 422
459 644
942 956
168 18
795 479
524 695
961 971
156 531
514 381
552 184
774 811
745 681
728 921
54 733
71 529
889 138
367 748
53 503
33 982
453 337
715 514
510 130
900 912
216 193
451 304
127 671
104 578
907 95
90 515
146 148
148 231
635 722
444 969
632 51
113 716
223 515
445 517
337 900
138 255
416 501
604 862
876 987
475 786
4 215
833 612
806 784
65 530
564 508
603 30
381 580
795 672
100 60
247 447
123 245
531 858
750 82
755 504
596 828
947 650
17 689
541 254
730 169
489 409
345 77
865 646
536 994
848 852
723 548
812 951
381 155
835 714
216 222
170 755
999 580
506 171
787 896
117 275
248 606
763 257
505 113
217 421
145 448
170 533
799 578
550 304
18 737
168 14
181 185
447 868
374 652
196 676
754 806
583 18
669 441
649 722
372 559
689 347
720 965
131 672
336 958
101 626
847 229
923 573
102 100
568 828
664 955
702 855
558 475
637 354
672 874
620 624
698 230
862 973
68 781
903 117
345 723
229 168
836 447
265 999
397 821
110 316
241 435
812 448
673 782
205 169
371 641
690 823
894 559
733 755
534 908
593 64
673 104
639 909
655 168
457 580
316 536
578 423
528 305
246 729
4 941
778 692
708 693
14 66
951 807
735 156
312 798
541 371
940 617
970 106
378 35
285 565
329 509
94 191
131 179
578 248
950 575
709 898
748 168
269 225
753 838
37 5
437 795
465 894
139 765
430 460
785 67
684 855
39 840
995 878
615 681
446 858
782 784
417 876
272 41
792 213
776 489
110 851
376 397
908 158
601 340
395 821
269 852
37 456
560 683
779 651
656 222
919 663
590 635
383 731
353 796
720 816
771 844
352 212
11 963
858 674
136 904
770 364
112 756
764 78
727 388
366 868
737 336
422 522
707 872
724 586
487 988
401 781
239 79
902 403
96 849
600 839
105 175
966 778
632 344
834 748
302 942
138 183
929 128
695 505
642 743
109 90
321 368
973 328
860 734
190 989
63 337
66 87
229 569
433 888
105 747
289 508
808 668
776 669
75 493
846 648
117 568
501 409
786 207
143 382
347 723
791 674
633 602
117 681
99 146
66 889
160 510
491 492
237 256
800 206
451 906
566 805
588 805
708 293
75 890
519 709
121 389
890 77
53 783
231 196
608 613
550 376
678 397
991 734
650 886
615 802
729 491
434 825
491 808
208 708
611 971
25 492
59 515
45 913
747 251
132 889
73 472
411 121
335 888
291 510
258 749
701 567
443 299
542 613
194 751
197 776
625 965
115 147
271 619
558 275
335 926
233 60
654 998
343 419
860 207
758 684
59 872
451 569
534 763
528 925
367 158
833 750
426 332
152 225
259 868
519 130
522 162
959 459
872 419
321 419
299 940
364 519
309 130
294 350
341 785
933 637
547 56
575 8
722 556
561 618
798 873
123 89
730 35
547 555
787 24
536 792
720 21
260 120
237 578
797 143
912 839
967 227
373 642
895 525
454 845
312 726
738 693
744 697
608 323
93 436
999 944
946 889
286 805
13 211
210 515
134 925
176 182
395 927
624 61
662 691
38 747
645 559
278 72
771 746
808 67
365 866
225 55
505 11
420 280
965 212
482 561
283 512
260 145
73 500
148 386
809 456
822 246
926 657
234 65
110 596
310 106
224 983
975 364
159 147
107 610
127 623
979 726
176 217
505 867
920 232
43 267
560 191
979 583
764 951
121 691
119 429
907 307
746 361
915 796
788 22
850 736
95 580
410 1000
143 242
592 782
761 905
43 70
405 691
928 256
450 92
694 763
551 166
596 829
470 266
843 876
668 369
268 583
765 543
52 990
792 525
438 933
748 822
752 305
880 326
361 823
820 330
991 483
792 811
499 929
800 246
35 515
400 132
934 833
331 412
153 972
301 652
174 954
268 395
933 439
425 736
524 827
374 653
213 513
343 950
239 513
75 608
810 725
223 269
425 625
120 887
231 925
70 293
440 894
937 525
542 643
339 324
603 915
694 462
686 835
681 721
847 228
284 806
606 463
470 537
578 361
295 486
650 170
440 216
414 48
141 680
163 880
414 518
940 104
137 621
279 830
599 677
462 335
657 276
11 277
548 500
39 431
792 62
206 848
483 461
484 18
740 8
43 21
379 157
789 704
624 358
725 706
912 993
414 543
40 700
479 528
243 747
268 916
160 245
179 275
90 378
772 260
938 44
646 501
740 400
8 919
543 887
109 191
436 273
834 252
484 549
13 825
674 597
521 959
307 100
291 683
113 277
714 350
481 297
796 160
66 901
496 138
92 901
240 912
674 960
830 963
305 724
268 472
877 476
161 755
588 657
689 558
905 633
339 917
468 247
718 659
499 68
904 703
248 345
139 474
984 333
344 940
474 999
95 41
277 312
25 279
723 232
83 9
393 445
912 105
399 853
239 394
634 392
59 240
187 39
482 761
927 419
31 126
357 726
331 194
737 117
666 187
723 454
926 745
413 938
448 763
90 585
418 960
906 882
659 671
58 26
756 437
630 479
997 909
444 771
945 802
765 161
305 451
699 799
96 456
295 232
872 313
46 938
214 280
973 101
629 707
81 437
890 837
66 259
44 947
824 427
932 798
366 54
298 958
985 664
553 956
825 71
717 241
96 645
200 182
544 681
318 4
856 619
375 45
892 121
398 825
15 108
290 573
338 933
147 763
35 927
859 401
825 289
785 877
350 772
706 100
999 681
823 813
807 806
520 480
297 41
522 594
286 959
801 393
394 801
987 146
331 326
922 687
799 743
614 868
468 53
94 43
853 326
606 134
93 369
424 194
387 470
149 297
435 972
373 225
23 494
322 801
72 596
620 397
606 17
293 808
684 971
537 735
774 732
390 725
102 195
54 870
182 299
827 162
98 634
725 155
846 365
166 931
149 116
354 998
832 570
934 868
185 832
376 981
505 823
570 85
418 198
3 864
580 110
68 794
845 126
722 267
393 968
708 202
176 491
394 318
398 572
864 600
100 26
378 420
346 902
755 286
160 206
381 640
934 414
837 723
632 706
523 565
543 958
307 190
768 444
751 699
691 292
450 650
472 110
347 830
405 625
992 917
540 967
544 2
302 502
195 866
142 159
597 3
100 557
129 540
527 921
145 363
753 785
574 412
836 739
107 25
715 294
808 68
614 552
541 894
361 662
415 113
774 587
443 217
106 117
552 359
169 901
845 990
793 67
645 994
372 208
357 132
732 112
825 594
426 527
393 734
893 931
474 275
545 98
668 799
163 422
470 847
497 867
615 491
679 918
252 318
327 739
220 593
949 4
53 127
570 843
163 659
556 874
262 741
216 531
380 286
734 949
721 318
460 166
227 148
156 239
566 422
74 544
687 692
757 749
651 612
601 785
455 498
882 858
791 628
652 734
100 995
982 257
437 916
296 280
80 639
134 860
891 857
50 283
770 544
274 339
991 482
173 607
53 428
123 672
454 72
684 877
406 431
45 677
616 639
429 774
624 649
343 960
291 893
37 321
813 672
649 583
676 360
490 391
912 756
420 430
847 449
830 657
589 778
650 926
392 994
637 542
309 754
676 78
224 5
478 670
724 850
232 624
729 764
414 422
306 535
382 506
111 792
891 997
101 338
104 586
943 673
432 193
803 466
182 61
996 548
388 660
724 560
747 625
361 206
404 478
480 588
531 557
803 304
314 463
177 637
199 504
972 824
208 85
81 473
708 770
267 588
831 391
950 707
772 743
129 611
132 326
544 654
947 635
222 46
809 638
682 244
904 262
372 910
892 197
363 529
143 503
520 374
848 163
186 854
890 482
735 158
976 263
541 369
114 551
153 653
632 984
227 284
65 425
619 526
677 226
127 319
734 493
990 123
593 915
465 892
448 78
800 275
752 60
515 872
455 645
3 28
209 13
799 544
403 216
982 638
732 581
684 992
334 665
170 902
784 918
314 845
153 201
28 671
9 598
210 125
896 542
336 555
64 730
945 71
519 555
271 575
993 851
560 794
773 561
292 585
918 909
727 875
266 108
358 766
395 320
56 568
590 53
115 471
797 357
279 946
284 600
255 314
327 538
238 403
475 815
747 666
464 60
16 416
792 138
596 912
8 665
725 628
800 661
782 485
603 88
153 870
345 376
994 599
280 461
941 1000
798 883
358 826
289 257
240 497
256 630
393 29
688 585
392 22
891 178
855 983
307 165
364 850
91 522
517 58
147 199
701 468
78 820
373 684
104 431
359 585
911 982
60 426
614 961
124 67
766 796
383 212
187 553
631 978
1000 632
31 648
537 787
23 500
26 264
411 350
857 770
197 289
677 23
596 153
980 56
468 276
182 526
454 291
719 349
171 795
933 577
780 503
908 188
340 334
344 905
225 154
278 908
979 113
230 405
528 504
884 946
724 795
375 79
121 458
432 427
380 593
197 869
409 877
615 949
529 620
914 926
77 352
613 446
707 953
779 484
304 287
585 341
660 353
203 726
883 152
650 283
389 309
941 264
140 553
414 152
992 288
152 423
704 660
872 278
324 685
493 274
242 18
388 898
742 975
637 251
17 936
567 877
271 983
756 735
117 855
43 92
692 327
33 198
517 892
241 91
791 761
133 99
998 647
584 727
402 4
424 724
63 375
526 885
449 39
912 697
450 792
363 473
859 508
476 792
705 790
557 781
688 708
657 907
658 484
610 941
94 234
645 250
407 219
691 340
984 202
674 666
400 267
992 725
4 133
691 453
340 29
386 550
460 726
692 985
596 739
786 354
933 401
596 189
357 719
16 473
880 792
273 462
194 661
330 265
719 305
357 871
706 956
410 225
163 239
158 515
736 423
699 301
40 382
594 957
241 755
906 577
743 28
421 69
864 475
662 2
3 387
558 83
82 120
139 195
710 894
289 562
625 790
131 615
832 744
10 380
998 5
837 393
551 655
8 789
850 4
153 332
962 714
689 386
176 219
893 930
15 626
347 2
978 245
20 822
315 736
246 820
337 104
899 846
730 705
108 813
508 247
54 143
369 351
793 269
759 590
870 301
798 30
451 997
932 960
310 980
941 526
29 116
431 704
214 176
289 239
521 658
989 770
994 940
563 863
584 356
575 46
632 624
191 337
911 104
768 490
199 202
331 82
670 415
337 581
32 21
972 217
991 207
167 441
173 700
853 170
229 704
952 853
994 464
922 629
594 510
961 25
669 712
179 68
472 506
558 576
19 519
88 10
490 738
273 136
718 778
844 705
224 474
499 592
500 319
637 842
395 957
162 896
895 150
531 505
93 184
349 46
726 596
196 679
969 481
9 573
239 515
538 342
297 572
540 488
378 561
201 216
650 927
580 604
117 242
426 718
121 386
345 822
487 727
895 298
221 994
29 532
505 908
659 645
701 80
496 84
832 611
473 531
453 741
807 410
760 773
345 577
695 353
574 626
132 545
224 578
255 851
909 35
518 117
167 25
650 53
523 257
686 719
546 98
743 272
342 1
539 791
591 726
43 932
690 882
603 236
78 686
463 676
88 682
714 674
920 561
706 30
526 813
92 865
401 140
645 161
408 928
351 128
27 947
961 116
563 296
820 441
587 414
400 452
734 323
694 847
700 727
517 487
705 79
579 562
528 960
446 639
857 948
735 959
41 71
278 276
463 792
869 805
784 745
686 766
986 707
594 720
442 549
204 644
681 174
335 466
227 765
672 350
433 366
610 38
611 835
682 872
795 408
343 596
163 466
295 725
941 27
628 646
956 141
499 330
57 539
425 449
681 674
338 71
447 635
361 510
314 875
148 324
332 681
3 475
645 936
595 21
322 548
654 670
499 25
745 273
267 175
271 687
418 49
515 453
759 784
81 137
779 72
836 15
180 747
147 482
534 722
738 889
703 761
402 51
441 316
335 677
397 854
968 238
682 548
423 6
560 456
963 21
660 780
534 572
25 540
464 460
459 477
263 622
285 210
971 415
89 800
77 784
963 819
679 55
686 965
545 55
484 741
769 911
147 783
423 586
191 510
263 889
30 952
182 963
381 988
900 70
49 958
947 997
416 875
808 445
494 660
353 256
961 193
725 24
123 471
662 571
493 548
973 794
465 863
796 821
49 664
88 194
804 280
622 515
382 996
375 713
738 4
26 184
915 508
339 947
969 296
127 48
74 140
383 410
519 900
560 763
540 417
917 449
28 589
486 913
568 554
715 653
292 170
248 230
49 459
359 242
658 615
73 477
666 490
30 943
300 220
746 956
269 599
552 397
755 646
346 474
903 152
284 872
953 623
861 270
148 207
851 264
634 632
525 759
508 381
186 3
812 101
29 845
600 695
603 360
286 68
289 992
966 986
73 537
717 288
292 765
560 101
689 327
803 461
987 102
590 129
775 273
778 55
546 59
507 413
588 418
608 480
147 220
433 588
498 248
173 716
450 119
108 639
678 695
455 234
39 491
425 275
946 759
530 502
640 346
971 264
717 868
367 607
743 996
778 760
176 117
961 243
322 300
431 498
948 8
808 635
425 205
208 358
431 99
809 855
288 322
161 907
407 75
778 941
339 881
602 681
938 663
886 97
962 588
197 260
400 42
643 246
791 22
188 201
260 590
192 140
895 66
261 298
944 184
610 494
758 841
224 656
233 338
965 33
180 879
876 508
474 588
426 747
44 302
665 856
361 6
744 493
969 681
477 504
914 346
46 663
751 470
111 887
976 548
357 19
432 182
253 450
627 205
24 32
902 463
391 846
499 566
133 787
246 932
483 466
393 958
968 806
132 477
578 701
599 941
738 905
980 981
267 546
270 327
863 588
891 287
163 900
566 309
556 971
846 549
530 474
259 752
186 944
354 302
42 598
389 893
392 47
212 688
104 345
69 745
551 385
735 164
912 565
431 7
364 42
695 998
457 49
743 750
355 313
730 471
568 422
878 583
391 295
268 311
287 469
783 496
400 135
753 815
519 814
188 126
687 20
856 16
710 159
567 546
939 879
391 456
207 958
571 404
787 723
205 942
649 726
282 393
451 498
861 35
455 854
370 766
344 753
291 42
310 474
495 842
631 519
153 13
600 418
193 796
345 821
609 404
516 672
811 560
258 720
211 752
374 844
965 295
125 74
527 342
271 586
571 80
703 631
944 110
673 544
410 646
346 312
272 683
974 962
319 207
755 13
777 979
299 19
658 316
301 577
217 702
532 67
91 149
608 873
800 651
12 779
473 341
346 973
788 164
57 835
45 49
471 599
643 735
42 85
226 662
722 755
248 962
86 138
626 407
29 490
605 779
17 290
255 662
535 537
757 624
830 228
243 778
743 701
320 381
247 850
749 492
326 327
630 273
562 721
783 423
866 187
204 566
945 89
66 563
303 834
685 225
457 406
793 588
739 264
216 257
49 716
880 210
828 82
819 273
588 626
154 575
990 298
835 82
261 960
790 13
496 937
709 83
413 566
783 904
914 945
236 939
319 444
766 495
417 428
304 932
225 463
395 501
859 776
353 910
724 598
271 735
254 957
38 766
422 665
228 216
87 7
570 47
826 149
20 204
920 82
498 66
86 383
932 793
683 405
226 600
523 300
138 770
200 599
110 62
939 188
996 59
51 59
392 137
673 8
397 648
532 325
857 324
658 367
950 975
991 241
167 499
764 301
329 524
735 252
705 953
503 424
216 154
625 194
532 522
257 680
40 840
807 688
900 470
792 759
868 418
320 200
853 466
781 341
378 946
910 139
403 967
730 827
843 373
258 165
408 714
61 272
339 946
526 330
268 78
624 100
608 633
134 991
738 244
334 763
581 346
977 461
982 779
116 439
705 406
31 206
239 427
723 118
444 621
762 464
943 517
819 523
159 42
343 345
127 742
111 749
885 278
392 779
346 478
642 131
92 206
590 885
183 289
24 342
341 729
992 435
189 789
831 474
867 589
197 534
146 552
94 882
440 373
606 76
600 798
587 831
697 975
494 27
816 847
659 267
74 809
94 684
556 897
398 357
579 32
561 541
873 771
123 236
996 235
96 676
213 467
967 846
809 692
517 139
41 886
428 818
485 687
345 116
146 127
437 524
976 306
743 884
814 155
538 275
701 320
630 302
795 775
601 212
819 141
855 731
744 716
235 963
342 613
770 970
218 703
919 239
387 422
5 635
852 178
778 829
512 890
990 192
885 438
630 123
170 973
122 322
268 114
415 493
903 584
870 901
836 637
763 567
529 147
732 958
352 434
975 74
373 484
980 316
728 781
68 278
70 332
93 997
131 728
706 860
67 726
71 520
452 4
917 446
332 754
97 339
443 331
962 857
581 993
438 450
595 189
559 990
642 790
55 335
883 118
703 675
650 317
671 129
87 94
309 448
388 977
834 673
398 104
928 550
587 987
163 519
368 531
76 348
683 332
812 360
836 358
342 507
310 581
494 166
939 119
872 18
726 349
394 416
158 409
19 53
834 514
316 625
838 906
394 563
14 248
218 351
423 956
725 268
842 322
513 600
919 444
811 351
961 487
709 792
716 208
248 756
874 872
675 793
674 700
895 946
201 642
580 922
27 10
235 943
593 965
351 989
175 355
624 93
108 198
718 699
498 575
39 816
637 825
434 378
654 503
131 451
328 505
933 260
884 726
22 109
915 655
646 422
196 304
287 155
330 442
802 198
278 842
444 422
11 845
920 311
966 708
650 620
742 510
963 511
600 419
970 765
989 271
276 462
866 570
82 493
954 73
63 791
465 12
557 25
56 543
724 674
234 466
826 254
69 509
102 677
255 861
424 993
132 434
833 603
264 842
156 296
216 579
509 558
876 721
43 934
464 369
835 130
803 992
711 213
647 563
191 375
251 200
472 779
159 981
666 783
976 363
189 370
485 743
758 296
151 826
221 713
190 772
318 742
764 377
606 396
536 626
98 191
421 417
191 779
178 86
700 311
495 693
350 472
871 318
388 555
107 85
917 562
810 546
602 896
274 999
701 844
26 68
777 919
966 304
988 280
92 453
719 152
427 616
391 205
874 147
278 705
618 156
15 918
107 657
290 147
868 580
335 897
506 773
463 173
570 458
951 219
702 711
243 30
214 429
529 679
931 279
609 657
168 841
333 49
989 812
483 412
381 252
603 447
507 258
91 67
328 655
129 930
3 921
181 2
930 180
91 240
113 792
275 505
593 22
904 455
632 460
65 989
63 126
34 848
703 46
100 241
403 866
36 990
33 168
397 647
125 514
990 542
129 765
977 913
445 155
820 121
651 814
721 404
544 395
357 321
777 814
129 532
847 977
904 3
557 951
778 548
76 146
164 475
159 735
937 221
316 142
585 595
857 918
605 560
970 159
383 166
331 459
832 340
207 340
860 773
634 252
880 96
648 358
903 726
966 114
418 572
201 948
684 967
25 326
481 132
184 792
912 58
452 771
325 27
850 362
905 891
637 594
620 768
877 396
474 630
2 961
420 368
993 146
98 630
433 52
338 41
871 145
28 877
475 724
72 133
382 422
404 204
956 497
153 452
63 585
448 664
310 338
257 422
646 696
560 825
347 59
111 962
828 554
780 901
712 83
380 929
751 146
38 539
523 109
45 481
279 493
394 171
124 446
720 349
423 36
834 717
384 752
893 366
363 815
803 602
833 368
954 722
351 262
411 725
750 440
679 68
497 54
445 846
393 243
640 348
20 438
994 745
932 519
564 171
342 809
271 359
809 708
296 401
170 374
977 526
541 133
319 555
195 985
436 469
575 378
868 496
616 361
467 441
880 430
829 507
959 616
66 969
71 344
454 96
19 581
519 183
477 897
922 830
316 1
946 136
586 355
269 949
127 65
239 891
301 356
35 328
736 459
793 692
49 356
583 483
927 866
970 996
93 115
774 700
615 978
174 236
608 868
2 933
867 837
410 398
709 42
323 867
250 705
35 55
342 902
666 255
153 416
508 300
950 191
989 347
560 805
779 5
798 355
604 400
695 233
112 896
756 489
613 288
466 907
967 745
474 398
169 692
667 759
930 141
593 205
404 292
206 744
66 327
746 485
699 569
316 643
677 694
122 17
73 694
549 588
161 283
688 532
194 453
468 804
829 317
904 76
999 749
843 211
415 908
700 718
922 624
445 421
653 704
377 471
529 306
109 902
649 873
529 451
86 668
473 981
204 611
338 429
304 264
753 702
21 260
700 387
153 832
761 155
376 375
362 182
658 907
453 29
753 527
295 814
611 953
405 346
832 954
512 824
457 171
758 939
908 470
822 692
552 440
970 875
974 883
371 218
140 831
39 197
572 794
144 13
915 1000
358 327
931 237
182 49
664 816
517 612
723 271
855 282
803 757
128 125
898 401
651 107
836 421
655 611
897 303
996 291
82 671
124 486
878 203
974 350
376 270
507 71
782 742
650 131
389 189
816 743
990 160
764 37
494 197
933 736
377 544
753 141
769 928
311 877
26 751
616 131
19 758
503 337
394 679
913 872
937 343
22 595
620 114
631 85
388 409
762 804
618 832
452 202
397 469
492 85
649 820
833 55
17 632
532 743
330 27
386 793
623 791
974 659
888 592
46 480
636 642
420 127
37 554
524 885
447 902
254 404
880 803
878 830
207 6
465 675
692 690
519 550
179 750
903 288
479 123
883 354
256 446
295 699
375 710
874 35
196 459
876 597
840 146
671 58
964 48
551 723
552 690
491 654
275 685
538 877
944 657
802 166
824 594
732 427
988 861
223 560
870 281
29 791
525 946
379 350
567 283
723 69
916 17
313 60
902 36
945 519
531 698
843 636
474 233
256 300
479 888
815 754
399 643
379 188
470 85
164 768
733 721
437 276
315 888
78 132
855 866
214 110
416 17
920 737
7 759
553 577
476 816
204 231
207 640
152 954
834 170
818 615
895 535
198 461
61 987
305 521
286 535
936 373
535 695
661 872
666 514
4 173
230 589
821 626
844 693
155 184
230 732
411 124
362 492
404 649
151 428
559 19
288 630
328 419
370 802
33 850
710 116
864 324
644 642
741 898
630 854
58 415
675 364
841 116
84 472
700 169
372 74
616 1000
780 209
698 838
475 323
19 328
98 998
176 932
728 593
544 452
287 880
510 331
223 886
629 799
498 307
580 181
103 456
340 782
15 538
147 402
977 423
675 4
232 362
86 645
224 670
43 178
780 533
123 268
973 4
665 755
993 718
480 999
246 974
947 909
708 838
782 453
103 908
864 716
958 138
545 103
539 769
507 252
241 40
518 557
164 538
58 878
331 59
687 686
250 962
526 232
428 963
342 921
170 262
898 554
619 573
531 259
218 522
293 220
922 652
705 52
653 812
691 457
931 598
183 701
408 697
406 388
706 662
776 134
306 40
342 746
211 157
891 527
50 37
700 111
101 758
67 954
123 854
537 702
150 251
872 811
762 387
49 500
413 587
750 844
490 78
291 51
920 417
404 882
776 645
997 669
407 633
619 423
822 344
469 928
935 603
167 557
859 709
306 767
570 272
384 157
955 214
719 881
243 40
393 954
372 332
393 705
164 184
806 863
664 836
941 360
140 895
768 930
347 183
829 775
498 57
445 542
10 45
266 435
68 891
957 485
15 284
971 634
423 203
191 127
86 899
573 127
695 575
461 485
119 201
29 225
983 352
330 544
536 203
702 216
687 620
869 329
367 309
412 30
749 643
331 86
4 944
703 246
445 194
564 136
892 301
298 962
894 871
486 984
86 335
623 540
791 736
23 346
298 439
30 774
662 631
40 770
166 326
259 32
44 826
5 716
64 152
373 898
709 568
891 717
895 781
980 13
904 409
182 474
213 922
839 826
537 632
455 557
757 221
615 787
373 164
190 186
304 501
305 908
942 31
862 376
981 661
847 460
886 354
745 654
672 532
529 893
24 579
872 775
27 584
12 156
949 653
269 523
991 544
71 643
989 156
944 259
671 944
685 300
16 886
718 373
495 196
650 171
358 324
729 880
396 609
557 90
171 291
262 126
229 505
90 913
806 891
111 5
3 814
46 912
105 180
203 611
220 643
741 495
835 102
708 248
877 735
479 39
42 318
81 476
544 532
587 598
437 319
939 85
480 798
997 343
122 627
764 38
320 594
640 261
967 786
463 307
661 625
939 371
855 959
951 828
757 637
98 202
613 761
268 752
51 192
346 524
422 141
857 952
506 214
532 736
756 786
154 362
209 909
178 84
197 846
273 360
519 783
296 23
425 693
514 397
453 111
53 933
75 84
157 891
545 693
178 438
715 741
697 882
926 561
124 865
178 265
61 921
128 542
168 271
637 573
451 352
452 975
805 589
719 11
928 932
470 575
404 153
46 722
983 887
875 662
699 164
519 497
654 956
755 125
155 819
85 702
587 788
513 937
487 810
312 278
333 384
831 129
319 125
232 45
450 252
512 111
473 261
419 683
829 928
242 122
958 796
764 219
164 769
879 250
717 235
313 285
744 23
416 18
274 208
837 271
313 398
441 705
963 708
947 715
87 580
131 129
11 170
411 902
618 786
395 753
715 244
273 921
146 169
517 438
60 423
283 64
620 303
902 643
467 268
397 73
572 441
19 555
316 127
889 299
190 512
139 542
670 782
362 493
434 114
291 939
843 374
19 664
785 794
593 771
460 830
637 782
502 385
333 59
732 550
126 493
909 429
537 560
295 864
22 184
631 636
374 719
515 105
572 14
934 621
41 978
889 246
729 541
838 201
487 309
707 670
289 861
816 262
693 704
361 111
55 503
58 73
976 572
632 46
779 27
711 988
214 604
430 649
197 898
556 207
976 294
29 841
819 859
354 706
969 290
409 515
4 686
841 550
726 453
48 732
472 568
346 17
537 606
848 435
744 228
228 477
570 800
311 950
789 514
39 487
27 487
815 518
47 1000
88 759
621 307
492 361
976 422
392 55
650 802
13 921
597 891
952 207
833 220
83 941
544 425
446 729
565 269
913 292
146 141
984 368
999 600
819 142
363 250
491 449
886 202
84 176
106 552
287 509
952 924
725 169
161 468
896 927
773 346
623 846
24 842
791 18
321 556
770 235
205 902
444 302
984 267
380 161
127 929
115 937
225 185
444 413
173 57
893 746
470 645
567 873
642 64
898 246
746 924
379 733
951 127
183 145
444 739
907 253
693 548
811 601
349 570
632 74
540 27
932 751
238 370
755 900
862 872
376 42
850 912
815 998
390 247
237 970
698 44
241 399
388 988
882 905
559 825
979 36
267 969
894 680
695 393
24 194
225 839
635 968
372 658
263 825
34 807
588 450
756 568
795 696
136 133
392 245
726 336
327 511
8 293
83 875
88 723
211 260
696 914
64 893
754 178
152 580
854 103
857 129
549 731
342 843
521 122
703 326
834 147
769 868
755 688
60 367
260 889
635 485
728 257
835 743
697 522
916 876
380 475
795 149
463 771
304 648
930 632
481 480
122 498
839 821
848 648
830 520
597 771
126 293
952 662
112 403
633 87
779 615
947 413
811 572
845 666
537 665
365 976
266 897
598 774
286 452
694 449
904 116
201 472
883 392
638 608
484 453
232 630
290 138
185 928
58 414
167 720
297 850
962 696
581 962
233 108
31 417
205 494
315 658
512 358
398 834
460 498
916 127
857 31
497 769
446 202
690 860
342 427
697 136
271 997
313 151
242 87
168 910
556 836
100 216
542 499
268 828
547 539
877 768
713 871
492 290
916 716
169 961
117 955
209 448
800 877
768 459
952 24
790 776
722 894
249 476
817 914
450 861
496 3
408 933
868 315
796 8
834 247
839 106
622 782
237 276
535 685
807 648
866 196
578 240
322 562
195 800
969 725
222 11
888 995
925 974
250 208
433 272
554 776
5 944
1000 800
783 577
54 627
457 107
735 856
594 604
956 27
300 983
122 377
934 582
224 217
406 175
227 990
983 675
895 407
453 128
951 385
554 701
889 842
712 717
289 524
272 350
225 711
756 158
908 331
286 179
418 987
996 540
676 846
715 800
224 773
686 419
559 915
964 65
638 952
694 126
186 321
557 206
264 523
987 17
293 896
555 309
722 286
81 430
937 757
111 254
728 10
518 811
835 210
527 296
694 779
199 656
369 68
303 716
545 89
13 739
363 610
623 256
859 90
518 372
42 53
483 93
985 387
953 17
772 487
336 24
649 116
692 62
274 499
972 286
630 454
339 747
984 244
32 193
391 596
574 598
364 110
442 736
761 390
647 839
913 89
44 771
389 740
911 611
509 531
855 142
757 227
4 461
687 200
135 994
909 126
748 426
427 301
932 161
329 76
314 760
795 379
235 150
241 981
684 593
106 137
509 220
145 563
700 171
370 514
187 88
336 638
463 319
546 513
448 620
749 818
182 221
884 47
982 840
582 338
401 967
720 675
936 608
242 731
243 78
392 670
560 631
182 380
234 375
396 554
842 630
537 28
612 608
722 224
171 362
669 487
657 284
964 165
286 73
663 981
578 547
778 161
416 504
57 496
132 486
684 187
388 904
82 613
35 989
375 232
125 961
789 656
650 246
523 332
540 725
33 216
401 412
627 304
369 96
601 909
55 850
881 397
717 799
310 671
39 375
665 956
226 858
670 431
798 736
548 975
13 627
458 313
424 361
795 874
751 561
5 325
302 505
765 853
153 591
260 789
891 803
487 148
126 556
199 800
757 854
886 122
10 851
808 188
496 696
376 350
420 234
268 253
736 445
865 674
685 268
859 569
382 118
989 182
957 600
154 871
991 840
205 376
941 68
237 679
153 342
567 447
646 810
9 439
765 98
693 453
531 534
489 319
638 919
647 404
483 473
162 254
146 667
445 909
962 281
122 746
85 486
871 715
547 657
135 422
807 163
593 83
462 900
468 577
655 863
398 428
618 585
13 555
530 471
754 185
517 235
199 81
240 142
203 18
757 615
942 523
874 965
82 334
969 943
731 536
296 188
703 470
980 715
467 342
605 708
560 179
500 388
136 311
549 909
697 634
931 265
187 708
135 540
926 454
213 920
839 820
291 866
18 726
274 620
3 182
210 878
652 281
836 718
308 819
819 681
32 693
789 449
978 506
941 134
173 28
752 928
470 678
559 664
766 500
197 807
510 310
438 51
701 631
228 144
984 949
324 446
551 681
309 270
805 649
185 784
955 489
798 28
48 40
157 330
654 934
290 109
591 265
594 479
65 683
403 167
176 475
381 398
171 29
123 571
314 563
806 426
842 7
78 513
802 325
821 167
294 233
333 589
338 953
85 220
344 346
363 534
971 215
646 493
394 674
832 17
551 416
476 734
202 451
425 8
407 168
501 317
672 7
786 591
916 914
334 855
781 300
529 275
948 483
832 332
654 181
322 674
14 276
58 908
314 626
409 350
84 88
70 95
62 691
795 203
119 207
110 843
400 902
758 795
995 631
83 17
638 509
620 792
698 574
291 124
187 465
872 869
465 681
823 202
475 376
560 898
797 939
673 741
999 261
893 770
784 314
703 88
1 32
388 736
253 20
443 484
872 658
266 23
965 407
452 382
440 793
209 103
962 447
289 276
276 179
480 990
816 856
230 417
11 390
855 25
125 828
309 181
534 566
739 544
388 804
850 635
264 874
82 529
70 544
910 673
436 40
242 203
354 497
747 926
113 126
755 443
26 863
838 982
621 478
752 403
501 352
763 117
86 282
640 658
627 994
129 483
459 948
355 231
598 161
855 562
678 73
170 688
725 34
49 513
654 230
126 561
255 407
866 88
829 68
353 139
653 918
781 398
620 463
785 38
142 421
829 259
729 321
830 36
582 382
516 289
614 241
187 381
818 57
37 403
539 472
7 319
796 576
46 419
84 850
13 362
452 926
434 641
275 895
663 272
430 540
305 180
470 750
72 137
932 279
612 771
861 658
44 215
906 694
231 643
306 726
110 560
827 408
840 211
803 403
453 534
635 704
923 794
599 869
488 247
141 889
794 613
464 128
651 948
10 52
328 687
366 107
333 418
371 723
394 294
52 318
414 957
954 734
710 16
78 462
855 146
342 67
89 373
759 310
355 980
104 212
730 40
90 395
511 729
646 282
621 205
122 792
711 320
752 447
90 314
610 565
833 210
62 188
929 743
972 259
296 292
829 390
703 445
469 279
933 184
572 488
700 661
60 308
540 78
835 684
377 424
912 493
914 279
545 529
771 763
566 905
326 162
936 114
362 720
848 686
211 158
411 416
400 959
420 434
804 706
827 873
174 240
264 439
148 395
974 795
392 861
908 445
948 415
917 441
343 253
278 653
829 113
637 340
875 707
128 230
805 660
336 400
607 792
519 426
393 710
410 684
346 302
161 853
744 405
902 80
440 489
780 564
12 654
640 111
487 876
913 958
864 909
921 496
168 916
243 504
560 406
739 345
266 257
485 411
143 197
806 399
384 732
134 264
29 254
268 794
105 392
17 542
471 585
130 855
995 540
373 587
445 878
82 872
566 446
655 981
900 230
705 858
912 157
709 882
265 297
711 292
694 530
569 396
671 515
421 86
668 249
942 520
66 775
50 203
133 499
562 551
265 523
605 707
143 558
482 166
265 916
388 792
400 253
80 661
150 520
47 435
587 166
416 555
849 819
352 373
443 942
11 610
145 728
329 11
183 928
573 248
136 997
466 404
729 554
539 766
989 104
75 744
793 773
645 763
872 778
213 89
148 431
945 83
448 597
478 785
524 145
693 518
548 287
382 333
264 917
929 400
38 724
119 539
101 60
86 704
234 479
401 680
384 922
683 286
858 264
306 486
94 734
367 846
570 887
811 3
777 183
267 725
472 865
716 444
76 35
351 491
208 875
901 87
377 548
234 915
881 84
937 458
539 522
761 654
282 529
688 564
230 891
634 690
277 924
127 449
130 605
38 114
4 38
406 758
557 846
30 982
221 653
956 832
820 89
887 73
192 957
713 33
468 26
363 196
1 857
60 252
813 986
301 252
268 465
316 915
878 980
166 496
761 202
444 242
811 732
309 828
457 105
311 322
763 517
219 547
477 231
98 764
830 693
500 56
184 909
650 954
577 586
7 363
945 238
874 156
107 263
836 848
362 987
401 985
898 303
719 901
388 737
978 1
603 275
29 753
525 716
840 226
460 466
550 865
185 819
261 398
372 391
280 136
579 300
137 257
524 411
824 453
197 717
682 559
33 650
39 158
498 694
189 749
267 531
96 559
830 334
794 800
530 634
843 705
481 896
635 867
317 141
303 443
730 85
342 151
973 463
939 195
703 186
748 593
820 70
15 228
611 347
350 781
702 102
205 615
299 561
535 578
153 704
67 439
781 510
675 839
285 751
201 716
292 285
654 231
329 272
771 329
518 950
832 169
9 582
545 928
286 838
343 787
89 688
383 187
3 96
791 11
539 82
886 399
500 382
546 970
909 124
857 699
396 17
469 709
64 782
53 902
584 572
631 633
46 49
625 512
310 378
636 121
597 682
361 306
568 928
880 978
810 805
741 543
524 123
118 630
174 324
913 564
474 738
435 792
771 914
825 688
825 573
718 176
314 58
599 1000
120 261
319 303
50 720
34 205
94 997
845 787
811 911
439 966
794 755
923 797
211 543
674 413
858 430
343 42
755 90
307 322
742 884
910 608
616 632
492 567
357 299
918 294
691 795
350 572
479 856
704 906
798 964
947 522
207 834
796 317
925 479
159 795
556 669
254 319
809 719
528 865
545 837
914 114
437 903
773 829
999 597
303 34
51 61
87 843
457 374
772 251
350 11
978 976
10 974
710 283
896 995
734 429
277 564
39 949
924 753
766 730
994 153
758 166
425 754
944 942
604 351
718 720
844 955
439 497
266 537
653 155
456 359
206 279
11 807
174 241
607 613
702 983
318 988
101 468
653 381
434 565
770 443
55 423
148 379
717 191
931 244
590 859
242 765
297 900
233 6
849 188
962 629
500 564
33 303
841 592
751 189
739 669
741 503
429 77
51 703
43 35
695 571
402 958
481 863
647 692
543 615
120 540
511 623
517 856
973 262
155 651
168 600
161 288
167 288
783 170
933 889
197 646
26 519
479 483
268 712
633 536
265 522
30 778
895 952
933 91
844 362
652 565
815 91
212 12
141 56
144 868
127 147
370 413
23 52
637 834
835 774
16 430
477 17
196 687
931 852
179 923
516 506
258 22
150 40
729 553
785 271
885 182
443 143
617 655
762 419
546 724
585 170
456 18
516 536
6 954
334 471
742 496
104 548
569 926
931 3
441 275
386 404
480 359
244 448
232 392
504 365
345 687
44 47
250 960
353 538
647 101
104 849
266 448
251 642
747 761
489 281
756 377
757 242
502 561
319 69
885 780
159 2
67 133
747 807
590 371
294 156
668 393
636 501
907 567
929 979
471 620
75 271
441 681
542 257
375 496
88 690
285 1000
553 616
751 661
772 270
593 351
902 633
100 825
592 294
269 308
951 824
809 775
703 359
464 548
502 108
715 93
933 238
56 302
504 927
208 537
446 615
196 862
602 761
485 963
950 492
403 944
226 213
134 960
622 623
398 629
862 62
848 728
596 142
196 636
454 125
235 30
623 899
224 365
831 922
211 89
13 499
128 611
878 823
229 126
745 622
286 404
487 269
438 243
607 148
371 268
920 413
426 682
72 254
76 734
257 92
461 916
765 198
529 520
171 259
922 457
713 452
933 481
479 577
216 775
191 54
24 142
171 33
209 246
4 711
260 361
464 452
618 749
494 56
700 847
868 21
7 605
321 254
854 448
782 413
125 540
143 429
860 721
760 718
294 11
170 13
710 359
136 181
450 781
851 761
694 552
143 466
860 832
810 61
532 127
284 132
749 56
499 837
939 480
958 348
516 126
627 917
977 710
924 459
915 148
442 606
129 471
957 397
541 590
175 176
966 229
70 46
365 738
115 691
187 270
102 855
943 191
802 687
205 926
22 188
760 427
649 646
615 855
211 117
728 905
361 672
362 139
533 544
956 143
709 431
415 20
384 360
349 304
477 379
548 114
895 261
73 342
545 74
496 763
456 185
349 722
578 796
63 964
104 651
530 923
768 812
306 679
997 358
2 620
186 497
168 668
372 484
840 110
668 700
46 972
935 149
640 133
538 620
812 387
273 866
565 853
397 963
717 58
440 90
7 364
341 806
68 546
902 807
852 662
707 397
449 397
910 306
143 385
96 810
904 199
613 859
268 598
969 807
968 702
556 557
61 905
557 772
482 446
65 78
943 527
80 329
678 24
147 672
386 696
188 268
688 844
321 917
892 484
624 842
385 285
994 436
924 303
709 591
644 958
627 798
50 903
80 683
615 661
505 466
771 53
495 747
318 775
376 353
642 195
253 549
643 15
315 206
920 834
652 825
938 374
644 611
172 348
580 609
46 445
999 105
68 285
140 898
208 685
885 322
98 532
802 918
31 56
345 801
989 292
167 552
885 499
10 357
577 251
528 234
250 826
966 540
491 700
989 341
495 28
99 863
150 585
524 382
90 902
277 807
375 939
176 163
105 195
780 338
896 108
515 480
717 508
132 566
519 74
160 919
432 908
920 336
664 103
918 684
85 483
270 335
808 914
664 406
702 370
194 61
413 349
877 792
632 633
356 281
108 746
806 367
865 801
347 630
574 923
857 133
105 680
144 552
899 936
666 933
186 811
999 747
855 519
915 338
596 405
833 45
27 146
639 465
382 586
21 472
408 875
445 272
818 778
526 491
620 386
675 966
218 666
886 69
534 720
357 665
781 231
238 653
783 617
697 1000
457 115
568 556
232 973
785 381
434 869
552 128
18 612
183 930
330 338
541 856
362 195
443 142
889 178
598 794
12 153
675 299
966 350
434 583
550 921
898 214
629 176
666 170
225 330
353 893
7 406
915 649
625 809
898 329
662 150
315 313
245 552
304 54
694 231
751 498
625 954
439 920
8 826
334 246
546 294
893 93
766 213
125 51
749 730
328 779
661 87
590 39
495 417
780 587
450 354
33 458
731 159
676 564
807 354
76 488
281 516
428 429
35 28
87 232
91 237
846 879
209 282
526 617
817 603
656 999
492 399
812 730
835 139
393 188
178 698
865 988
83 779
926 242
549 618
696 946
949 256
436 373
77 581
886 997
800 976
344 460
472 129
626 286
248 680
280 567
692 213
450 712
783 318
327 146
43 603
959 156
587 605
450 635
863 253
60 254
814 467
869 812
567 745
878 794
918 381
126 926
490 350
490 488
188 137
762 226
176 705
358 217
931 883
788 968
611 987
746 830
340 675
219 594
326 906
410 337
547 304
862 635
784 49
520 760
499 115
279 625
393 546
49 128
414 392
552 297
291 351
129 104
565 557
802 817
694 195
103 100
474 302
811 933
867 993
300 422
798 189
12 626
234 430
346 228
453 704
57 367
441 8
831 319
7 809
301 524
967 687
237 952
396 864
271 852
937 872
116 573
549 607
234 576
290 366
592 818
533 377
794 814
47 610
13 654
360 246
843 707
365 123
259 530
996 35
886 598
703 164
1000 309
622 972
8 415
187 837
60 461
450 819
668 140
173 874
321 31
506 21
677 426
951 799
82 784
865 730
611 426
773 967
340 156
22 992
60 275
317 188
411 187
597 997
815 18
468 175
452 596
783 560
386 102
968 957
213 605
770 768
462 776
477 88
201 597
942 2
693 952
841 237
89 592
550 711
280 699
101 557
463 394
468 508
822 711
931 39
794 428
961 693
836 807
29 424
15 834
491 578
664 592
313 893
791 457
599 512
698 819
970 572
111 858
591 172
722 77
215 991
229 427
30 148
659 708
306 676
936 755
591 349
573 738
869 155
154 592
33 257
965 392
471 467
533 84
764 555
25 933
320 979
858 351
569 288
846 820
794 915
600 990
345 305
589 110
664 443
403 81
134 291
289 330
313 316
332 104
796 319
669 39
377 625
364 793
237 37
636 938
543 931
930 548
53 435
402 141
958 494
282 599
355 183
726 922
568 36
880 342
540 986
578 133
579 612
448 482
892 485
783 374
486 730
368 137
829 500
499 977
156 34
748 228
567 672
89 353
934 849
573 15
494 864
335 492
784 810
433 348
967 283
900 720
244 810
117 36
176 570
49 268
490 406
573 209
10 689
249 837
388 520
343 535
590 524
246 844
482 853
824 980
568 958
115 861
996 754
281 243
211 366
876 516
951 122
750 236
421 823
447 267
943 662
125 445
215 963
491 703
314 220
872 606
157 354
360 370
34 239
931 327
128 104
759 979
320 896
284 619
102 806
397 772
640 768
298 859
284 666
105 339
802 91
609 579
25 562
835 1
229 818
765 320
935 106
496 702
441 802
711 515
472 904
345 190
19 61
994 533
901 39
902 768
815 545
321 165
855 800
783 7
587 654
626 104
339 585
325 614
694 529
532 500
356 632
873 658
680 538
150 111
378 899
485 941
628 871
866 172
409 469
84 209
417 994
130 265
95 435
244 927
248 474
874 626
656 160
112 313
741 163
157 913
619 202
35 365
236 666
862 354
738 180
701 800
995 607
779 666
48 592
692 677
415 94
663 484
23 901
979 51
432 414
286 457
262 342
266 797
767 769
54 980
590 778
760 49
262 225
266 236
879 296
475 62
21 390
391 788
710 626
312 401
81 52
872 713
105 190
185 316
751 211
533 396
536 480
977 114
355 674
218 374
800 533
485 299
55 585
995 402
542 101
212 904
51 522
787 382
806 430
552 793
972 898
550 151
712 479
751 806
679 5
147 908
118 481
501 487
617 454
212 622
341 78
659 41
661 635
223 46
317 437
252 750
735 131
238 937
645 151
283 122
946 406
674 617
886 132
338 614
514 613
435 789
218 716
478 154
724 342
106 621
235 899
715 445
349 679
829 173
79 818
615 732
389 600
526 375
842 8
656 504
93 146
477 115
301 421
364 459
684 618
334 496
960 194
227 965
809 483
279 515
282 357
931 80
967 121
555 876
167 610
25 61
997 735
429 291
769 142
736 71
901 921
375 588
945 973
233 51
486 303
732 51
736 54
935 750
48 456
958 548
600 852
859 816
270 490
860 286
897 268
293 907
845 78
150 848
308 200
73 837
655 321
290 734
238 248
683 29
665 570
178 607
489 934
532 334
649 494
63 768
713 919
420 631
354 239
227 71
394 834
804 989
808 536
995 74
869 621
174 685
875 480
303 11
264 319
992 708
481 321
83 757
134 787
357 78
636 991
610 254
900 366
518 949
499 613
32 932
739 303
580 873
743 271
411 151
518 376
175 400
415 385
742 348
236 625
2 985
615 55
637 731
233 269
548 124
254 149
975 415
978 81
82 26
885 882
626 735
257 446
223 895
149 120
153 381
323 941
399 448
439 963
336 288
506 912
298 868
827 80
210 408
49 543
530 699
696 559
314 540
474 37
916 60
707 81
659 274
18 734
62 758
497 93
708 845
800 37
863 739
252 304
215 700
76 102
243 687
284 123
307 138
549 220
772 448
95 43
563 902
763 21
411 120
484 530
188 744
476 642
847 957
226 953
243 973
246 60
846 8
475 701
178 820
217 298
112 48
283 677
178 135
19 379
967 389
701 57
697 978
257 941
679 742
828 188
399 815
31 887
700 102
22 94
391 278
44 514
118 695
230 477
50 175
590 525
718 582
779 718
598 764
274 167
646 626
793 990
137 898
396 741
288 998
73 368
71 805
48 178
760 290
177 274
550 861
152 240
371 996
561 116
68 622
264 913
448 568
254 915
347 31
996 416
580 39
507 341
441 71
635 593
786 778
287 512
953 220
347 317
290 299
66 351
543 723
547 660
739 636
801 1
105 396
398 433
551 85
497 458
946 683
284 40
344 323
507 145
957 585
964 672
939 268
317 400
100 768
411 983
869 679
574 104
829 528
117 707
411 68
431 9
158 822
866 314
143 554
94 92
884 481
335 338
959 692
860 814
990 26
274 73
272 59
329 190
4 386
990 308
485 788
559 321
517 102
950 117
412 878
733 462
970 768
182 968
458 628
193 889
802 585
141 505
880 541
315 458
621 87
780 144
819 586
21 20
205 319
331 932
219 135
201 432
610 383
300 444
750 572
362 645
167 812
264 533
397 807
146 617
497 827
24 181
354 644
627 465
907 731
447 226
33 681
778 324
284 413
45 268
294 226
388 99
797 217
857 374
820 110
760 953
626 397
422 134
725 311
514 832
397 380
959 970
139 781
714 907
102 139
710 471
588 823
442 674
312 522
331 294
264 493
835 662
253 649
969 680
67 861
302 20
823 434
400 108
168 216
909 165
164 334
680 51
809 337
166 726
228 224
188 890
240 988
84 827
158 582
112 993
343 734
935 826
422 692
42 155
887 809
926 587
50 966
896 490
239 270
922 306
103 335
451 246
694 342
609 462
979 812
267 216
713 376
988 934
426 260
234 584
484 197
780 922
497 848
896 167
755 66
35 637
388 515
216 778
90 239
5 457
902 28
264 640
997 146
1000 138
414 842
308 201
418 409
792 150
730 942
177 998
734 28
777 215
393 222
158 478
129 756
281 945
530 280
443 933
102 842
848 891
705 774
856 662
880 300
881 197
170 298
709 967
914 573
269 166
164 460
865 585
539 264
779 793
155 3
818 833
620 437
678 221
455 716
791 918
136 756
967 305
109 585
865 299
573 90
357 735
908 801
654 261
435 465
315 167
540 436
10 667
989 407
893 622
440 852
974 913
645 735
760 285
409 95
407 764
965 50
896 699
641 644
736 262
296 679
101 444
853 909
603 982
909 939
896 502
827 46
974 179
23 573
286 145
628 50
186 13
633 476
825 690
399 451
455 177
431 978
589 266
312 330
457 679
295 131
320 125
727 156
105 373
52 404
560 495
377 789
727 13
108 995
697 202
648 832
691 996
322 1
765 299
200 637
679 127
561 612
601 919
665 227
289 471
521 246
522 793
299 640
281 909
854 82
730 164
982 103
873 692
735 218
238 614
995 105
298 475
652 702
728 300
160 296
680 719
771 280
331 273
226 41
979 477
65 136
550 436
535 320
577 458
391 112
282 230
675 581
877 407
218 820
718 677
866 1000
4 431
823 163
120 762
66 736
178 486
36 24
900 609
207 81
944 561
288 793
281 64
135 869
177 55
486 59
35 81
148 400
225 291
577 566
228 582
68 175
586 812
330 857
558 462
259 27
580 898
702 821
722 47
650 336
334 153
64 4
124 757
641 51
332 970
898 282
246 768
228 779
949 916
294 777
523 128
817 419
6 775
453 791
107 19
9 155
851 764
485 390
532 33
642 673
493 123
596 988
613 922
805 456
815 690
816 756
656 781
623 209
184 126
223 167
406 909
43 965
318 201
925 447
640 305
865 806
403 333
668 327
751 883
293 390
583 104
350 201
790 577
222 391
867 78
226 90
395 715
549 806
731 911
679 423
712 42
667 423
45 519
635 363
230 525
268 298
495 667
352 667
44 705
306 196
325 184
273 277
648 295
834 616
351 596
528 269
395 774
344 990
71 597
294 726
505 717
801 904
469 874
419 29
277 167
850 299
139 138
144 292
210 427
699 434
737 123
495 863
408 345
266 795
140 816
239 346
591 241
684 309
336 715
45 237
417 917
528 201
81 153
907 111
627 178
438 343
150 731
579 311
48 445
459 392
692 70
167 956
321 500
