836 1166
420 285
63 284
253 146
484 741
259 77
137 323
251 144
623 708
368 347
367 615
202 385
236 650
685 31
111 625
502 3
247 653
183 720
73 180
765 723
178 271
55 299
67 13
580 273
499 165
788 106
309 455
373 383
98 418
105 165
318 473
132 363
551 553
252 88
45 598
181 404
787 668
514 233
334 316
270 114
299 826
475 145
336 405
788 275
563 429
448 233
12 34
231 556
101 375
670 167
157 126
592 391
329 186
770 55
779 87
715 811
644 83
183 598
735 489
96 775
40 763
175 43
412 655
559 797
5 314
723 387
529 396
496 564
215 428
376 790
180 175
291 325
491 539
454 326
539 217
629 442
534 477
57 324
423 748
486 703
248 623
181 829
818 775
690 694
11 564
15 497
523 341
418 805
304 435
523 460
254 664
12 813
160 305
43 426
740 372
198 199
802 265
666 449
49 574
284 502
629 803
176 169
711 741
582 759
408 287
11 46
759 129
145 346
812 503
777 83
571 419
133 382
318 481
604 260
205 680
655 802
60 240
798 323
504 38
87 311
685 34
479 182
472 344
489 36
453 54
457 582
687 655
580 459
659 616
333 833
165 60
576 416
561 380
387 767
228 325
595 7
248 412
622 472
644 30
296 201
145 533
365 220
668 500
606 511
345 410
102 92
689 525
530 501
740 353
831 255
437 775
316 319
199 85
802 467
831 647
127 203
323 64
322 479
440 16
521 662
551 174
516 27
538 429
289 402
639 603
523 135
174 175
18 476
666 234
564 613
671 323
140 311
453 470
422 439
636 691
328 228
595 545
414 85
362 163
596 628
258 13
622 262
455 659
475 228
692 283
687 41
607 20
684 572
612 417
464 236
811 223
399 457
647 398
685 3
425 706
604 662
706 257
68 142
484 535
574 106
221 653
452 355
719 804
670 457
476 12
254 600
782 395
98 326
257 406
440 796
72 342
743 742
213 631
493 113
293 461
30 253
227 808
780 639
724 636
467 188
130 812
651 655
319 350
387 561
482 164
417 671
22 628
828 295
433 485
410 576
725 421
815 412
429 689
813 71
268 625
349 589
615 540
133 791
235 172
293 403
431 92
238 581
494 478
20 255
164 311
676 27
147 267
88 665
673 555
671 534
514 502
735 632
326 184
357 54
114 200
166 529
771 68
102 36
70 730
720 524
500 536
431 227
555 738
444 137
410 574
20 619
625 80
86 747
607 779
666 772
668 749
1 459
179 308
508 582
57 636
715 493
155 384
567 254
299 177
442 635
187 123
722 674
601 16
693 18
772 708
293 50
546 13
488 127
598 563
691 207
347 292
88 76
466 232
753 219
234 92
616 782
582 103
140 539
89 157
596 181
461 122
419 93
836 177
602 393
118 654
803 8
798 828
264 531
479 418
420 234
47 755
179 202
235 473
96 285
237 501
235 710
123 48
390 233
380 836
98 563
394 228
827 340
159 420
132 392
469 541
496 151
62 406
273 99
12 381
168 287
192 687
606 262
82 340
356 320
168 14
716 244
790 599
198 232
623 697
800 633
785 605
553 375
308 372
352 411
495 156
824 353
478 497
156 660
25 308
632 708
286 708
592 378
270 770
528 429
782 424
236 323
234 351
786 416
448 261
358 594
179 134
552 428
791 407
110 232
802 224
71 645
576 80
710 113
659 798
778 73
322 262
375 170
513 85
233 66
441 741
574 104
350 285
76 568
522 655
383 173
35 508
359 81
174 771
192 579
308 708
222 679
316 39
364 712
392 226
89 68
331 607
297 528
760 452
152 782
488 360
614 344
760 550
83 224
759 102
335 421
690 244
238 726
26 462
177 134
823 127
326 701
225 311
174 243
335 416
513 443
509 262
567 574
489 701
146 646
761 325
87 603
498 638
232 803
384 773
555 260
801 57
308 707
187 213
763 783
421 615
721 35
622 525
77 91
45 798
453 678
560 123
91 369
136 787
762 452
237 542
755 554
201 104
619 557
540 165
640 737
276 183
264 504
373 672
589 419
125 234
366 632
159 469
668 340
275 526
768 336
135 608
463 33
690 651
611 613
372 620
714 721
446 764
471 540
241 480
29 415
453 466
246 531
735 186
528 508
227 800
828 815
385 668
151 641
303 645
645 104
39 564
292 551
726 829
57 772
715 71
374 570
271 608
449 312
424 223
345 186
248 775
188 372
723 812
64 327
378 209
27 575
131 12
103 54
95 641
828 677
393 525
698 717
341 605
756 181
781 687
70 223
222 305
201 28
735 433
732 386
401 728
280 88
605 802
833 28
695 385
337 730
413 706
467 266
181 295
401 462
503 723
493 396
380 465
559 343
7 634
733 329
712 11
473 171
534 335
298 332
309 387
107 160
217 45
752 91
338 646
10 561
656 782
355 51
399 149
192 765
265 172
17 655
503 307
405 463
795 148
571 622
79 355
299 2
707 129
20 609
735 575
84 298
231 648
51 35
232 647
764 102
123 671
664 683
416 72
431 623
664 564
566 547
325 265
377 606
256 698
807 599
630 161
167 428
416 46
15 126
155 633
544 461
344 371
602 383
399 235
365 380
715 763
358 781
581 123
174 323
538 336
765 612
55 696
823 210
18 650
728 265
197 246
242 589
412 676
230 125
825 735
557 121
672 371
143 417
273 798
695 823
29 672
763 35
743 627
181 448
449 563
80 126
717 490
77 637
734 251
596 624
447 43
97 109
191 793
724 190
110 280
800 304
501 795
377 33
723 315
426 448
328 445
135 797
594 427
224 483
152 543
337 326
44 105
87 744
424 19
191 827
54 649
125 425
525 532
218 534
404 525
580 477
249 496
17 659
769 181
714 231
162 267
667 44
638 65
293 665
301 700
259 521
463 8
682 596
308 293
704 712
271 111
304 620
689 578
430 676
342 823
41 148
433 199
368 642
254 22
679 51
437 644
431 7
170 602
801 42
581 652
149 152
752 401
185 458
732 126
802 713
118 539
776 106
8 582
616 511
674 291
654 557
757 368
226 770
704 809
580 770
834 69
634 130
727 536
253 804
359 676
743 201
502 792
358 70
195 420
351 142
277 674
313 729
822 147
808 606
400 731
414 318
702 274
163 368
373 302
282 651
506 283
476 151
353 12
775 614
813 659
58 131
673 211
424 522
806 738
774 690
604 1
180 626
252 205
487 363
424 528
51 180
111 719
639 654
451 360
595 18
377 671
507 728
225 574
36 239
818 750
260 785
74 780
816 23
495 257
568 558
479 441
755 473
780 158
90 401
828 557
21 719
335 561
378 51
460 350
508 344
394 616
7 47
435 742
606 236
461 110
170 784
550 257
801 795
44 326
142 465
776 478
380 335
110 490
834 131
81 729
15 723
419 808
664 381
755 328
148 189
59 794
433 691
686 798
624 171
446 596
473 280
716 748
87 834
719 289
187 710
183 220
660 710
531 109
518 219
748 311
258 418
394 252
626 398
369 104
62 698
2 763
225 601
533 281
651 744
21 23
498 77
659 558
305 770
347 504
34 269
820 492
235 404
625 759
255 283
607 313
595 212
249 594
819 94
510 608
670 107
726 601
483 537
155 376
370 402
699 213
739 628
571 275
227 541
397 166
701 225
211 25
69 512
140 624
759 123
82 16
57 233
217 314
189 817
36 32
169 289
257 87
781 506
183 566
273 567
296 202
53 61
25 826
579 665
649 62
607 727
598 11
606 111
37 221
8 164
535 363
124 565
455 494
467 723
603 206
325 422
793 216
443 633
159 592
147 290
27 102
331 58
202 718
702 31
353 700
273 663
764 135
345 599
392 250
444 63
691 739
32 321
109 716
699 97
678 157
411 597
691 135
187 594
282 438
746 755
793 588
88 505
348 802
21 131
564 409
324 724
5 442
652 163
322 418
702 459
151 511
617 175
229 13
187 600
661 831
645 314
421 533
656 546
650 386
670 780
441 368
488 24
307 449
818 635
366 89
303 405
386 107
155 301
240 700
409 314
416 585
5 22
608 351
489 626
743 630
698 633
507 91
528 785
388 359
69 703
779 264
566 196
745 402
383 494
349 757
800 346
206 102
671 268
801 357
686 241
23 832
548 491
654 469
543 833
421 802
188 230
533 261
459 68
639 135
63 395
380 362
510 386
468 766
661 99
575 652
243 192
217 171
549 568
724 339
686 596
599 827
557 788
444 729
396 150
466 129
81 271
782 764
274 109
631 45
305 444
222 725
475 245
484 709
308 462
752 502
527 262
792 504
241 665
799 258
168 529
745 350
697 438
827 534
590 107
684 15
524 703
427 683
756 739
671 395
90 707
513 717
21 412
498 722
247 488
423 690
238 76
797 791
521 446
142 302
109 635
34 378
602 184
161 438
459 350
427 165
61 436
732 261
54 335
132 28
667 625
602 43
363 607
392 646
574 345
747 296
538 562
685 246
68 263
227 608
559 213
21 322
88 282
172 262
678 123
432 272
695 271
136 519
280 566
62 505
521 243
133 802
128 663
4 64
674 151
175 658
411 539
170 721
317 577
132 613
246 733
46 616
739 639
550 569
586 795
220 814
436 787
190 766
600 758
616 560
819 788
101 437
541 742
705 597
76 52
348 16
552 278
295 70
522 90
153 486
197 339
690 711
490 119
394 277
136 552
668 462
358 205
45 375
393 248
662 55
46 458
134 443
374 277
246 515
179 434
624 485
49 348
241 711
305 32
687 441
558 807
769 420
811 125
480 742
680 317
35 723
241 364
773 721
373 433
257 800
72 464
309 572
121 833
791 318
600 136
461 193
548 818
291 522
815 341
347 561
767 762
146 602
53 830
588 445
311 302
224 496
769 836
241 652
755 365
228 533
353 107
70 431
566 222
44 405
778 200
168 419
687 461
117 602
350 597
741 774
116 607
383 666
296 500
195 328
69 153
720 733
719 530
415 819
750 290
822 559
333 746
492 583
529 559
767 92
481 801
332 751
655 141
667 251
636 587
533 635
246 411
662 556
751 713
119 616
324 322
112 788
495 415
136 137
404 263
464 467
195 19
822 363
235 463
213 44
398 578
484 490
788 362
15 375
403 808
543 427
422 359
195 416
647 494
755 824
596 568
224 493
441 524
312 132
572 821
169 541
523 634
89 2
681 741
520 347
40 516
379 188
471 494
723 30
196 381
682 797
392 832
337 29
248 170
141 730
45 581
584 703
828 808
226 256
806 665
636 353
32 167
24 684
791 621
372 561
136 794
331 594
744 814
283 737
319 772
801 13
73 296
125 597
161 242
332 45
204 529
86 628
525 468
278 601
